0.0  10.4 25.2215 34.528 43.8345 46.614 47.4607 48.3073 49.154 50.944 51.277 51.611 51.694 54.994 
0.0  10.4 25.2215 34.528 43.8345 46.614 47.4607 48.3073 49.154 50.944 51.277 51.611 51.694 54.994
0.0  10.4 25.2215 34.528 43.8345 46.614 47.4607 48.3073 49.154 50.944 51.277 51.611 51.694 54.994
0.0  10.4 25.2215 34.528 43.8345 46.614 47.4607 48.3073 49.154 50.944 51.277 51.611 51.694 54.994
0.0  10.4 25.2215 34.528 43.8345 46.614 47.4607 48.3073 49.154 50.944 51.277 51.611 51.694 54.994
0.0  10.4 25.2215 34.528 43.8345 46.614 47.4607 48.3073 49.154 50.944 51.277 51.611 51.694 54.994
0.0  10.4 25.2215 34.528 43.8345 46.614 47.4607 48.3073 49.154 50.944 51.277 51.611 51.694 54.994
0.0  10.4 25.2215 34.528 43.8345 46.614 47.4607 48.3073 49.154 50.944 51.277 51.611 51.694 54.994
0.0  10.4 25.2215 34.528 43.8345 46.614 47.4607 48.3073 49.154 50.944 51.277 51.611 51.694 54.994
0.0  10.4 25.2215 34.528 43.8345 46.614 47.4607 48.3073 49.154 50.944 51.277 51.611 51.694 54.994
0.0  10.4 25.2215 34.528 43.8345 46.614 47.4607 48.3073 49.154 50.944 51.277 51.611 51.694 54.994
0.0  10.4 25.2215 34.528 43.8345 46.614 47.4607 48.3073 49.154 50.944 51.277 51.611 51.694 54.994
0.0  10.4 25.2215 34.528 43.8345 46.614 47.4607 48.3073 49.154 50.944 51.277 51.611 51.694 54.994
0.0  10.4 25.2215 34.528 43.8345 46.614 47.4607 48.3073 49.154 50.944 51.277 51.611 51.694 54.994
0.0  10.4 25.2215 34.528 43.8345 46.614 47.4607 48.3073 49.154 50.944 51.277 51.611 51.694 54.994
0.0  10.4 25.2215 34.528 43.8345 46.614 47.4607 48.3073 49.154 50.944 51.277 51.611 51.694 54.994
0.0  10.4 25.2215 34.528 43.8345 46.614 47.4607 48.3073 49.154 50.944 51.277 51.611 51.694 54.994
0.0  10.4 25.2215 34.528 43.8345 46.614 47.4607 48.3073 49.154 50.944 51.277 51.611 51.694 54.994
0.0  10.4 25.2215 34.528 43.8345 46.614 47.4607 48.3073 49.154 50.944 51.277 51.611 51.694 54.994
0.0  10.4 25.2215 34.528 43.8345 46.614 47.4607 48.3073 49.154 50.944 51.277 51.611 51.694 54.994
0.0  10.4 25.2215 34.528 43.8345 46.614 47.4607 48.3073 49.154 50.944 51.277 51.611 51.694 54.994
0.0  10.4 25.2215 34.528 43.8345 46.614 47.4607 48.3073 49.154 50.944 51.277 51.611 51.694 54.994
0.0  10.4 25.2215 34.528 43.8345 46.614 47.4607 48.3073 49.154 50.944 51.277 51.611 51.694 54.994
0.0  10.4 25.2215 34.528 43.8345 46.614 47.4607 48.3073 49.154 50.944 51.277 51.611 51.694 54.994
0.0  10.4 25.2215 34.528 43.8345 46.614 47.4607 48.3073 49.154 50.944 51.277 51.611 51.694 54.994
0.0  10.4 25.2215 34.528 43.8345 46.614 47.4607 48.3073 49.154 50.944 51.277 51.611 51.694 54.994
0.0  10.4 25.2215 34.528 43.8345 46.614 47.4607 48.3073 49.154 50.944 51.277 51.611 51.694 54.994
0.0  10.4 25.2215 34.528 43.8345 46.614 47.4607 48.3073 49.154 50.944 51.277 51.611 51.694 54.994
0.0  10.4 25.2215 34.528 43.8345 46.614 47.4607 48.3073 49.154 50.944 51.277 51.611 51.694 54.994
0.0  10.4 25.2215 34.528 43.8345 46.614 47.4607 48.3073 49.154 50.944 51.277 51.611 51.694 54.994
0.0  10.4 25.2215 34.528 43.8345 46.614 47.4607 48.3073 49.154 50.944 51.277 51.611 51.694 54.994
0.0  10.4 25.2215 34.528 43.8345 46.614 47.4607 48.3073 49.154 50.944 51.277 51.611 51.694 54.994
0.0  10.4 25.2215 34.528 43.8345 46.614 47.4607 48.3073 49.154 50.944 51.277 51.611 51.694 54.994
0.0  10.4 25.2215 34.528 43.8345 46.614 47.4607 48.3073 49.154 50.944 51.277 51.611 51.694 54.994
0.0  10.4 25.2215 34.528 43.8345 46.614 47.4607 48.3073 49.154 50.944 51.277 51.611 51.694 54.994
0.0  10.4 25.2215 34.528 43.8345 46.614 47.4607 48.3073 49.154 50.944 51.277 51.611 51.694 54.994
0.0  10.4 25.2215 34.528 43.8345 46.614 47.4607 48.3073 49.154 50.944 51.277 51.611 51.694 54.994
0.0  10.4 25.2215 34.528 43.8345 46.614 47.4607 48.3073 49.154 50.944 51.277 51.611 51.694 54.994
0.0  10.4 25.2215 34.528 43.8345 46.614 47.4607 48.3073 49.154 50.944 51.277 51.611 51.694 54.994
0.0  10.4 25.2215 34.528 43.8345 46.614 47.4607 48.3073 49.154 50.944 51.277 51.611 51.694 54.994
0.0  10.4 25.2215 34.528 43.8345 46.614 47.4607 48.3073 49.154 50.944 51.277 51.611 51.694 54.994
0.0  10.4 25.2215 34.528 43.8345 46.614 47.4607 48.3073 49.154 50.944 51.277 51.611 51.694 54.994
