0.000000000000000000e+00 1.040000000000000036e+01 2.522149999999999892e+01 3.452799999999999869e+01 4.383449999999999847e+01 4.661399999999999721e+01 4.746070000000000277e+01 4.830729999999999791e+01 4.915400000000000347e+01 5.094400000000000261e+01 5.127700000000000102e+01 5.161099999999999710e+01 5.169400000000000261e+01 5.499399999999999977e+01
0.000000000000000000e+00 1.040000000000000036e+01 2.522149999999999892e+01 3.452799999999999869e+01 4.383449999999999847e+01 4.661399999999999721e+01 4.746070000000000277e+01 4.830729999999999791e+01 4.915400000000000347e+01 5.094400000000000261e+01 5.127700000000000102e+01 5.161099999999999710e+01 5.169400000000000261e+01 5.499399999999999977e+01
0.000000000000000000e+00 1.040000000000000036e+01 2.522149999999999892e+01 3.452799999999999869e+01 4.383449999999999847e+01 4.661399999999999721e+01 4.746070000000000277e+01 4.830729999999999791e+01 4.915400000000000347e+01 5.094400000000000261e+01 5.127700000000000102e+01 5.161099999999999710e+01 5.169400000000000261e+01 5.499399999999999977e+01
0.000000000000000000e+00 1.040000000000000036e+01 2.522149999999999892e+01 3.452799999999999869e+01 4.383449999999999847e+01 4.661399999999999721e+01 4.746070000000000277e+01 4.830729999999999791e+01 4.915400000000000347e+01 5.094400000000000261e+01 5.127700000000000102e+01 5.161099999999999710e+01 5.169400000000000261e+01 5.499399999999999977e+01
0.000000000000000000e+00 1.040000000000000036e+01 2.522149999999999892e+01 3.452799999999999869e+01 4.383449999999999847e+01 4.661399999999999721e+01 4.746070000000000277e+01 4.830729999999999791e+01 4.915400000000000347e+01 5.094400000000000261e+01 5.127700000000000102e+01 5.161099999999999710e+01 5.169400000000000261e+01 5.499399999999999977e+01
0.000000000000000000e+00 1.040000000000000036e+01 2.522149999999999892e+01 3.452799999999999869e+01 4.383449999999999847e+01 4.661399999999999721e+01 4.746070000000000277e+01 4.830729999999999791e+01 4.915400000000000347e+01 5.094400000000000261e+01 5.127700000000000102e+01 5.161099999999999710e+01 5.169400000000000261e+01 5.499399999999999977e+01
0.000000000000000000e+00 1.040000000000000036e+01 2.522149999999999892e+01 3.452799999999999869e+01 4.383449999999999847e+01 4.661399999999999721e+01 4.746070000000000277e+01 4.830729999999999791e+01 4.915400000000000347e+01 5.094400000000000261e+01 5.127700000000000102e+01 5.161099999999999710e+01 5.169400000000000261e+01 5.499399999999999977e+01
0.000000000000000000e+00 1.040000000000000036e+01 2.522149999999999892e+01 3.452799999999999869e+01 4.383449999999999847e+01 4.661399999999999721e+01 4.746070000000000277e+01 4.830729999999999791e+01 4.915400000000000347e+01 5.094400000000000261e+01 5.127700000000000102e+01 5.161099999999999710e+01 5.169400000000000261e+01 5.499399999999999977e+01
0.000000000000000000e+00 1.040000000000000036e+01 2.522149999999999892e+01 3.452799999999999869e+01 4.383449999999999847e+01 4.661399999999999721e+01 4.746070000000000277e+01 4.830729999999999791e+01 4.915400000000000347e+01 5.094400000000000261e+01 5.127700000000000102e+01 5.161099999999999710e+01 5.169400000000000261e+01 5.499399999999999977e+01
0.000000000000000000e+00 1.040000000000000036e+01 2.522149999999999892e+01 3.452799999999999869e+01 4.383449999999999847e+01 4.661399999999999721e+01 4.746070000000000277e+01 4.830729999999999791e+01 4.915400000000000347e+01 5.094400000000000261e+01 5.127700000000000102e+01 5.161099999999999710e+01 5.169400000000000261e+01 5.499399999999999977e+01
0.000000000000000000e+00 1.040000000000000036e+01 2.522149999999999892e+01 3.452799999999999869e+01 4.383449999999999847e+01 4.661399999999999721e+01 4.746070000000000277e+01 4.830729999999999791e+01 4.915400000000000347e+01 5.094400000000000261e+01 5.127700000000000102e+01 5.161099999999999710e+01 5.169400000000000261e+01 5.499399999999999977e+01
0.000000000000000000e+00 1.040000000000000036e+01 2.522149999999999892e+01 3.452799999999999869e+01 4.383449999999999847e+01 4.661399999999999721e+01 4.746070000000000277e+01 4.830729999999999791e+01 4.915400000000000347e+01 5.094400000000000261e+01 5.127700000000000102e+01 5.161099999999999710e+01 5.169400000000000261e+01 5.499399999999999977e+01
0.000000000000000000e+00 1.040000000000000036e+01 2.522149999999999892e+01 3.452799999999999869e+01 4.383449999999999847e+01 4.661399999999999721e+01 4.746070000000000277e+01 4.830729999999999791e+01 4.915400000000000347e+01 5.094400000000000261e+01 5.127700000000000102e+01 5.161099999999999710e+01 5.169400000000000261e+01 5.499399999999999977e+01
0.000000000000000000e+00 1.040000000000000036e+01 2.522149999999999892e+01 3.452799999999999869e+01 4.383449999999999847e+01 4.661399999999999721e+01 4.746070000000000277e+01 4.830729999999999791e+01 4.915400000000000347e+01 5.094400000000000261e+01 5.127700000000000102e+01 5.161099999999999710e+01 5.169400000000000261e+01 5.499399999999999977e+01
0.000000000000000000e+00 1.040000000000000036e+01 2.522149999999999892e+01 3.452799999999999869e+01 4.383449999999999847e+01 4.661399999999999721e+01 4.746070000000000277e+01 4.830729999999999791e+01 4.915400000000000347e+01 5.094400000000000261e+01 5.127700000000000102e+01 5.161099999999999710e+01 5.169400000000000261e+01 5.499399999999999977e+01
0.000000000000000000e+00 1.040000000000000036e+01 2.522149999999999892e+01 3.452799999999999869e+01 4.383449999999999847e+01 4.661399999999999721e+01 4.746070000000000277e+01 4.830729999999999791e+01 4.915400000000000347e+01 5.094400000000000261e+01 5.127700000000000102e+01 5.161099999999999710e+01 5.169400000000000261e+01 5.499399999999999977e+01
0.000000000000000000e+00 1.040000000000000036e+01 2.522149999999999892e+01 3.452799999999999869e+01 4.383449999999999847e+01 4.661399999999999721e+01 4.746070000000000277e+01 4.830729999999999791e+01 4.915400000000000347e+01 5.094400000000000261e+01 5.127700000000000102e+01 5.161099999999999710e+01 5.169400000000000261e+01 5.499399999999999977e+01
0.000000000000000000e+00 1.040000000000000036e+01 2.522149999999999892e+01 3.452799999999999869e+01 4.383449999999999847e+01 4.661399999999999721e+01 4.746070000000000277e+01 4.830729999999999791e+01 4.915400000000000347e+01 5.094400000000000261e+01 5.127700000000000102e+01 5.161099999999999710e+01 5.169400000000000261e+01 5.499399999999999977e+01
0.000000000000000000e+00 1.040000000000000036e+01 2.522149999999999892e+01 3.452799999999999869e+01 4.383449999999999847e+01 4.661399999999999721e+01 4.746070000000000277e+01 4.830729999999999791e+01 4.915400000000000347e+01 5.094400000000000261e+01 5.127700000000000102e+01 5.161099999999999710e+01 5.169400000000000261e+01 5.499399999999999977e+01
0.000000000000000000e+00 1.040000000000000036e+01 2.522149999999999892e+01 3.452799999999999869e+01 4.383449999999999847e+01 4.661399999999999721e+01 4.746070000000000277e+01 4.830729999999999791e+01 4.915400000000000347e+01 5.094400000000000261e+01 5.127700000000000102e+01 5.161099999999999710e+01 5.169400000000000261e+01 5.499399999999999977e+01
0.000000000000000000e+00 1.040000000000000036e+01 2.522149999999999892e+01 3.452799999999999869e+01 4.383449999999999847e+01 4.661399999999999721e+01 4.746070000000000277e+01 4.830729999999999791e+01 4.915400000000000347e+01 5.094400000000000261e+01 5.127700000000000102e+01 5.161099999999999710e+01 5.169400000000000261e+01 5.499399999999999977e+01
0.000000000000000000e+00 1.040000000000000036e+01 2.522149999999999892e+01 3.452799999999999869e+01 4.383449999999999847e+01 4.661399999999999721e+01 4.746070000000000277e+01 4.830729999999999791e+01 4.915400000000000347e+01 5.094400000000000261e+01 5.127700000000000102e+01 5.161099999999999710e+01 5.169400000000000261e+01 5.499399999999999977e+01
0.000000000000000000e+00 1.040000000000000036e+01 2.522149999999999892e+01 3.452799999999999869e+01 4.383449999999999847e+01 4.661399999999999721e+01 4.746070000000000277e+01 4.830729999999999791e+01 4.915400000000000347e+01 5.094400000000000261e+01 5.127700000000000102e+01 5.161099999999999710e+01 5.169400000000000261e+01 5.499399999999999977e+01
0.000000000000000000e+00 1.040000000000000036e+01 2.522149999999999892e+01 3.452799999999999869e+01 4.383449999999999847e+01 4.661399999999999721e+01 4.746070000000000277e+01 4.830729999999999791e+01 4.915400000000000347e+01 5.094400000000000261e+01 5.127700000000000102e+01 5.161099999999999710e+01 5.169400000000000261e+01 5.499399999999999977e+01
0.000000000000000000e+00 1.040000000000000036e+01 2.522149999999999892e+01 3.452799999999999869e+01 4.383449999999999847e+01 4.661399999999999721e+01 4.746070000000000277e+01 4.830729999999999791e+01 4.915400000000000347e+01 5.094400000000000261e+01 5.127700000000000102e+01 5.161099999999999710e+01 5.169400000000000261e+01 5.499399999999999977e+01
0.000000000000000000e+00 1.040000000000000036e+01 2.522149999999999892e+01 3.452799999999999869e+01 4.383449999999999847e+01 4.661399999999999721e+01 4.746070000000000277e+01 4.830729999999999791e+01 4.915400000000000347e+01 5.094400000000000261e+01 5.127700000000000102e+01 5.161099999999999710e+01 5.169400000000000261e+01 5.499399999999999977e+01
0.000000000000000000e+00 1.040000000000000036e+01 2.522149999999999892e+01 3.452799999999999869e+01 4.383449999999999847e+01 4.661399999999999721e+01 4.746070000000000277e+01 4.830729999999999791e+01 4.915400000000000347e+01 5.094400000000000261e+01 5.127700000000000102e+01 5.161099999999999710e+01 5.169400000000000261e+01 5.499399999999999977e+01
0.000000000000000000e+00 1.040000000000000036e+01 2.522149999999999892e+01 3.452799999999999869e+01 4.383449999999999847e+01 4.661399999999999721e+01 4.746070000000000277e+01 4.830729999999999791e+01 4.915400000000000347e+01 5.094400000000000261e+01 5.127700000000000102e+01 5.161099999999999710e+01 5.169400000000000261e+01 5.499399999999999977e+01
0.000000000000000000e+00 1.040000000000000036e+01 2.522149999999999892e+01 3.452799999999999869e+01 4.383449999999999847e+01 4.661399999999999721e+01 4.746070000000000277e+01 4.830729999999999791e+01 4.915400000000000347e+01 5.094400000000000261e+01 5.127700000000000102e+01 5.161099999999999710e+01 5.169400000000000261e+01 5.499399999999999977e+01
0.000000000000000000e+00 1.040000000000000036e+01 2.522149999999999892e+01 3.452799999999999869e+01 4.383449999999999847e+01 4.661399999999999721e+01 4.746070000000000277e+01 4.830729999999999791e+01 4.915400000000000347e+01 5.094400000000000261e+01 5.127700000000000102e+01 5.161099999999999710e+01 5.169400000000000261e+01 5.499399999999999977e+01
0.000000000000000000e+00 1.040000000000000036e+01 2.522149999999999892e+01 3.452799999999999869e+01 4.383449999999999847e+01 4.661399999999999721e+01 4.746070000000000277e+01 4.830729999999999791e+01 4.915400000000000347e+01 5.094400000000000261e+01 5.127700000000000102e+01 5.161099999999999710e+01 5.169400000000000261e+01 5.499399999999999977e+01
0.000000000000000000e+00 1.040000000000000036e+01 2.522149999999999892e+01 3.452799999999999869e+01 4.383449999999999847e+01 4.661399999999999721e+01 4.746070000000000277e+01 4.830729999999999791e+01 4.915400000000000347e+01 5.094400000000000261e+01 5.127700000000000102e+01 5.161099999999999710e+01 5.169400000000000261e+01 5.499399999999999977e+01
0.000000000000000000e+00 1.040000000000000036e+01 2.522149999999999892e+01 3.452799999999999869e+01 4.383449999999999847e+01 4.661399999999999721e+01 4.746070000000000277e+01 4.830729999999999791e+01 4.915400000000000347e+01 5.094400000000000261e+01 5.127700000000000102e+01 5.161099999999999710e+01 5.169400000000000261e+01 5.499399999999999977e+01
0.000000000000000000e+00 1.040000000000000036e+01 2.522149999999999892e+01 3.452799999999999869e+01 4.383449999999999847e+01 4.661399999999999721e+01 4.746070000000000277e+01 4.830729999999999791e+01 4.915400000000000347e+01 5.094400000000000261e+01 5.127700000000000102e+01 5.161099999999999710e+01 5.169400000000000261e+01 5.499399999999999977e+01
0.000000000000000000e+00 1.040000000000000036e+01 2.522149999999999892e+01 3.452799999999999869e+01 4.383449999999999847e+01 4.661399999999999721e+01 4.746070000000000277e+01 4.830729999999999791e+01 4.915400000000000347e+01 5.094400000000000261e+01 5.127700000000000102e+01 5.161099999999999710e+01 5.169400000000000261e+01 5.499399999999999977e+01
0.000000000000000000e+00 1.040000000000000036e+01 2.522149999999999892e+01 3.452799999999999869e+01 4.383449999999999847e+01 4.661399999999999721e+01 4.746070000000000277e+01 4.830729999999999791e+01 4.915400000000000347e+01 5.094400000000000261e+01 5.127700000000000102e+01 5.161099999999999710e+01 5.169400000000000261e+01 5.499399999999999977e+01
0.000000000000000000e+00 1.040000000000000036e+01 2.522149999999999892e+01 3.452799999999999869e+01 4.383449999999999847e+01 4.661399999999999721e+01 4.746070000000000277e+01 4.830729999999999791e+01 4.915400000000000347e+01 5.094400000000000261e+01 5.127700000000000102e+01 5.161099999999999710e+01 5.169400000000000261e+01 5.499399999999999977e+01
0.000000000000000000e+00 1.040000000000000036e+01 2.522149999999999892e+01 3.452799999999999869e+01 4.383449999999999847e+01 4.661399999999999721e+01 4.746070000000000277e+01 4.830729999999999791e+01 4.915400000000000347e+01 5.094400000000000261e+01 5.127700000000000102e+01 5.161099999999999710e+01 5.169400000000000261e+01 5.499399999999999977e+01
0.000000000000000000e+00 1.040000000000000036e+01 2.522149999999999892e+01 3.452799999999999869e+01 4.383449999999999847e+01 4.661399999999999721e+01 4.746070000000000277e+01 4.830729999999999791e+01 4.915400000000000347e+01 5.094400000000000261e+01 5.127700000000000102e+01 5.161099999999999710e+01 5.169400000000000261e+01 5.499399999999999977e+01
0.000000000000000000e+00 1.040000000000000036e+01 2.522149999999999892e+01 3.452799999999999869e+01 4.383449999999999847e+01 4.661399999999999721e+01 4.746070000000000277e+01 4.830729999999999791e+01 4.915400000000000347e+01 5.094400000000000261e+01 5.127700000000000102e+01 5.161099999999999710e+01 5.169400000000000261e+01 5.499399999999999977e+01
0.000000000000000000e+00 1.040000000000000036e+01 2.522149999999999892e+01 3.452799999999999869e+01 4.383449999999999847e+01 4.661399999999999721e+01 4.746070000000000277e+01 4.830729999999999791e+01 4.915400000000000347e+01 5.094400000000000261e+01 5.127700000000000102e+01 5.161099999999999710e+01 5.169400000000000261e+01 5.499399999999999977e+01
0.000000000000000000e+00 1.040000000000000036e+01 2.522149999999999892e+01 3.452799999999999869e+01 4.383449999999999847e+01 4.661399999999999721e+01 4.746070000000000277e+01 4.830729999999999791e+01 4.915400000000000347e+01 5.094400000000000261e+01 5.127700000000000102e+01 5.161099999999999710e+01 5.169400000000000261e+01 5.499399999999999977e+01
