1.75 1.685
1.75 5.055
1.75 8.57
1.75 12.23
1.75 16.6187
1.75 21.7363
1.75 24.7583
1.75 25.6848
1.75 27.418
1.75 29.958
1.75 32.878
1.75 36.178
1.75 39.098
1.75 41.638
1.75 43.3712
1.75 44.2978
1.75 45.2242
1.75 46.1508
1.75 47.884
1.75 50.424
1.75 53.344
5.25 1.685
5.25 5.055
5.25 8.57
5.25 12.23
5.25 16.6187
5.25 21.7363
5.25 24.7583
5.25 25.6848
5.25 27.418
5.25 29.958
5.25 32.878
5.25 36.178
5.25 39.098
5.25 41.638
5.25 43.3712
5.25 44.2978
5.25 45.2242
5.25 46.1508
5.6 47.986
5.6 50.322
5.25 53.344
8.905 1.685
8.905 5.055
8.905 8.57
8.905 12.23
8.905 16.6187
8.905 21.7363
8.905 24.7583
8.905 25.6848
8.905 27.418
8.905 29.958
8.905 32.878
8.905 36.178
8.905 39.098
8.905 41.638
8.905 43.3712
8.905 44.2978
8.905 45.2242
8.905 46.1508
8.905 47.504
8.905 48.774
8.905 49.534
8.905 50.804
8.905 53.344
12.715 1.685
12.715 5.055
12.715 8.57
12.715 12.23
12.715 16.6187
12.715 21.7363
12.715 24.7583
12.715 25.6848
12.715 27.418
12.715 29.958
12.715 32.878
12.715 36.178
12.715 39.098
12.715 41.638
12.715 43.3712
12.715 44.2978
12.715 45.2242
12.715 46.1508
12.715 47.504
12.715 48.774
12.715 49.534
12.715 50.804
14.2189 54.1855
15.89 1.685
15.89 5.055
15.89 8.57
15.89 12.23
15.89 16.6187
15.89 21.7363
15.89 24.7583
15.89 25.6848
15.89 27.418
15.89 29.958
15.89 32.878
15.89 36.178
15.89 39.098
15.89 41.638
15.89 43.3712
15.89 44.2978
15.89 45.2242
15.89 46.1508
15.89 47.504
15.89 48.774
15.89 49.534
15.9433 50.982
15.3883 52.2968
15.3883 53.5023
15.3883 54.1367
15.3883 54.2003
15.3883 54.2638
15.3883 54.3273
15.3883 54.3907
15.3883 54.4543
15.3883 54.5177
15.3883 54.5812
15.3883 54.6448
15.3883 54.7083
15.3883 54.7717
15.3883 54.8353
15.3883 54.8987
15.3883 54.9623
16.6583 52.2968
16.6583 53.5023
16.6583 54.1367
16.6583 54.2003
16.6583 54.2638
16.6583 54.3273
16.6583 54.3907
16.6583 54.4543
16.6583 54.5177
16.6583 54.5812
16.6583 54.6448
16.6583 54.7083
16.6583 54.7717
16.6583 54.8353
16.6583 54.8987
16.6583 54.9623
18.43 1.685
18.43 5.055
18.43 8.57
18.43 12.23
18.43 16.6187
18.43 21.7363
18.43 24.7583
18.43 25.6848
18.43 27.418
18.43 29.958
18.43 32.878
18.43 36.178
18.43 39.098
18.43 41.638
18.43 43.3712
18.43 44.2978
18.43 45.2242
18.43 46.1508
18.43 47.504
18.43 48.774
18.43 49.534
18.3767 50.982
17.6617 52.2968
17.6617 53.5023
17.6617 54.1367
17.6617 54.2003
17.6617 54.2638
17.6617 54.3273
17.6617 54.3907
17.6617 54.4543
17.6617 54.5177
17.6617 54.5812
17.6617 54.6448
17.6617 54.7083
17.6617 54.7717
17.6617 54.8353
17.6617 54.8987
17.6617 54.9623
18.9318 52.2968
18.9318 53.5023
18.9318 54.1367
18.9318 54.2003
18.9318 54.2638
18.9318 54.3273
18.9318 54.3907
18.9318 54.4543
18.9318 54.5177
18.9318 54.5812
18.9318 54.6448
18.9318 54.7083
18.9318 54.7717
18.9318 54.8353
18.9318 54.8987
18.9318 54.9623
21.605 1.685
21.605 5.055
21.605 8.57
21.605 12.23
21.605 16.6187
21.605 21.7363
21.605 24.7583
21.605 25.6848
21.605 27.418
21.605 29.958
21.605 32.878
21.605 36.178
21.605 39.098
21.605 41.638
21.605 43.3712
21.605 44.2978
21.605 45.2242
21.605 46.1508
21.605 47.504
21.605 48.774
21.605 49.534
21.605 50.804
20.1011 54.1855
25.415 1.685
25.415 5.055
25.415 8.57
25.415 12.23
25.415 16.6187
25.415 21.7363
25.415 24.7583
25.415 25.6848
25.415 27.418
25.415 29.958
25.415 32.878
25.415 36.178
25.415 39.098
25.415 41.638
25.415 43.3712
25.415 44.2978
25.415 45.2242
25.415 46.1508
25.415 47.504
25.415 48.774
25.415 49.534
25.415 50.804
25.415 53.344
28.91 1.685
28.91 5.055
28.91 8.57
28.91 12.23
28.91 16.6187
28.91 21.7363
28.91 24.7583
28.91 25.6848
28.91 27.418
28.91 29.958
28.91 32.878
28.91 36.178
28.91 39.098
28.91 41.638
28.91 43.3712
28.91 44.2978
28.91 45.2242
28.91 46.1508
28.592 47.986
28.592 50.322
28.91 53.344
32.09 1.685
32.09 5.055
32.09 8.57
32.09 12.23
32.09 16.6187
32.09 21.7363
32.09 24.7583
32.09 25.6848
32.09 27.418
32.09 29.958
32.09 32.878
32.09 36.178
32.09 39.098
32.09 41.638
32.09 43.3712
32.09 44.2978
32.09 45.2242
32.09 46.1508
32.09 47.884
32.09 50.424
32.09 53.344
34.95 1.685
34.95 5.055
34.95 8.57
34.95 12.23
34.95 16.6187
34.95 21.7363
34.95 24.7583
34.95 25.6848
34.95 27.418
34.95 29.958
34.95 32.878
34.95 36.178
34.95 39.098
34.95 41.638
34.95 43.3712
34.95 44.2978
34.95 45.2242
34.95 46.1508
34.95 47.884
34.95 50.424
34.95 53.344
37.49 1.685
37.49 5.055
37.49 8.57
37.49 12.23
37.49 16.6187
37.49 21.7363
37.49 24.7583
37.49 25.6848
37.49 27.418
37.49 29.958
37.49 32.878
37.49 36.178
37.49 39.098
37.49 41.638
37.49 43.3712
37.49 44.2978
37.49 45.2242
37.49 46.1508
37.49 47.884
37.49 50.424
37.49 53.344
40.41 1.685
40.41 5.055
40.41 8.57
40.41 12.23
40.41 16.6187
40.41 21.7363
40.41 24.7583
40.41 25.6848
40.41 27.418
40.41 29.958
40.41 32.878
40.41 36.178
40.41 39.098
40.41 41.638
40.41 43.3712
40.41 44.2978
40.41 45.2242
40.41 46.1508
40.41 47.884
40.41 50.424
40.41 53.344
43.71 1.685
43.71 5.055
43.71 8.57
43.71 12.23
43.71 16.6187
43.71 21.7363
43.71 24.7583
43.71 25.6848
43.71 27.418
43.71 29.958
43.71 32.878
43.71 36.178
43.71 39.098
43.71 41.638
43.71 43.3712
43.71 44.2978
43.71 45.2242
43.71 46.1508
43.71 47.884
43.71 50.424
43.71 53.344
46.63 1.685
46.63 5.055
46.63 8.57
46.63 12.23
46.63 16.6187
46.63 21.7363
46.63 24.7583
46.63 25.6848
46.63 27.418
46.63 29.958
46.63 32.878
46.63 36.178
46.63 39.098
46.63 41.638
46.63 43.3712
46.63 44.2978
46.63 45.2242
46.63 46.1508
46.63 47.884
46.63 50.424
46.63 53.344
49.17 1.685
49.17 5.055
49.17 8.57
49.17 12.23
49.17 16.6187
49.17 21.7363
49.17 24.7583
49.17 25.6848
49.17 27.418
49.17 29.958
49.17 32.878
49.17 36.178
49.17 39.098
49.17 41.638
49.17 43.3712
49.17 44.2978
49.17 45.2242
49.17 46.1508
49.17 47.884
49.17 50.424
49.17 53.344
51.71 1.685
51.71 5.055
51.71 8.57
51.71 12.23
51.71 16.6187
51.71 21.7363
51.71 24.7583
51.71 25.6848
51.71 27.418
51.71 29.958
51.71 32.878
51.71 36.178
51.71 39.098
51.71 41.638
51.71 43.3712
51.71 44.2978
51.71 45.2242
51.71 46.1508
51.71 47.884
51.71 50.424
51.71 53.344
54.25 1.685
54.25 5.055
54.25 8.57
54.25 12.23
54.25 16.6187
54.25 21.7363
54.25 24.7583
54.25 25.6848
54.25 27.418
54.25 29.958
54.25 32.878
54.25 36.178
54.25 39.098
54.25 41.638
54.25 43.3712
54.25 44.2978
54.25 45.2242
54.25 46.1508
54.25 47.884
54.25 50.424
54.25 53.344
57.17 1.685
57.17 5.055
57.17 8.57
57.17 12.23
57.17 16.6187
57.17 21.7363
57.17 24.7583
57.17 25.6848
57.17 27.418
57.17 29.958
57.17 32.878
57.17 36.178
57.17 39.098
57.17 41.638
57.17 43.3712
57.17 44.2978
57.17 45.2242
57.17 46.1508
57.17 47.884
57.17 50.424
57.17 53.344
60.47 1.685
60.47 5.055
60.47 8.57
60.47 12.23
60.47 16.6187
60.47 21.7363
60.47 24.7583
60.47 25.6848
60.47 27.418
60.47 29.958
60.47 32.878
60.47 36.178
60.47 39.098
60.47 41.638
60.47 43.3712
60.47 44.2978
60.47 45.2242
60.47 46.1508
60.47 47.884
60.47 50.424
60.47 53.344
63.39 1.685
63.39 5.055
63.39 8.57
63.39 12.23
63.39 16.6187
63.39 21.7363
63.39 24.7583
63.39 25.6848
63.39 27.418
63.39 29.958
63.39 32.878
63.39 36.178
63.39 39.098
63.39 41.638
63.39 43.3712
63.39 44.2978
63.39 45.2242
63.39 46.1508
63.39 47.884
63.39 50.424
63.39 53.344
65.93 1.685
65.93 5.055
65.93 8.57
65.93 12.23
65.93 16.6187
65.93 21.7363
65.93 24.7583
65.93 25.6848
65.93 27.418
65.93 29.958
65.93 32.878
65.93 36.178
65.93 39.098
65.93 41.638
65.93 43.3712
65.93 44.2978
65.93 45.2242
65.93 46.1508
66.8613 47.884
66.8613 50.886
65.93 53.344
68.47 1.685
68.47 5.055
68.47 8.57
68.47 12.23
68.47 16.6187
68.47 21.7363
68.47 24.7583
68.47 25.6848
68.47 27.418
68.47 29.958
68.47 32.878
68.47 36.178
68.47 39.098
68.47 41.638
68.47 43.3712
68.47 44.2978
68.47 45.2242
68.47 46.4905
67.3058 46.7198
67.3058 46.9315
67.3058 47.1432
67.3058 47.3548
67.3058 47.5665
67.3058 47.7782
67.3058 47.9898
67.3058 48.2015
67.3058 48.4132
67.3058 48.6248
67.3058 48.8365
67.3058 49.0482
67.5175 46.7198
67.5175 46.9315
67.5175 47.1432
67.5175 47.3548
67.5175 47.5665
67.5175 47.7782
67.5175 47.9898
67.5175 48.2015
67.5175 48.4132
67.5175 48.6248
67.5175 48.8365
67.5175 49.0482
67.7292 46.7198
67.7292 46.9315
67.7292 47.1432
67.7292 47.3548
67.7292 47.5665
67.7292 47.7782
67.7292 47.9898
67.7292 48.2015
67.7292 48.4132
67.7292 48.6248
67.7292 48.8365
67.7292 49.0482
67.9408 46.7198
67.9408 46.9315
67.9408 47.1432
67.9408 47.3548
67.9408 47.5665
67.9408 47.7782
67.9408 47.9898
67.9408 48.2015
67.9408 48.4132
67.9408 48.6248
67.9408 48.8365
67.9408 49.0482
68.1525 46.7198
68.1525 46.9315
68.1525 47.1432
68.1525 47.3548
68.1525 47.5665
68.1525 47.7782
68.1525 47.9898
68.1525 48.2015
68.1525 48.4132
68.1525 48.6248
68.1525 48.8365
68.1525 49.0482
68.3642 46.7198
68.3642 46.9315
68.3642 47.1432
68.3642 47.3548
68.3642 47.5665
68.3642 47.7782
68.3642 47.9898
68.3642 48.2015
68.3642 48.4132
68.3642 48.6248
68.3642 48.8365
68.3642 49.0482
68.5758 46.7198
68.5758 46.9315
68.5758 47.1432
68.5758 47.3548
68.5758 47.5665
68.5758 47.7782
68.5758 47.9898
68.5758 48.2015
68.5758 48.4132
68.5758 48.6248
68.5758 48.8365
68.5758 49.0482
68.7875 46.7198
68.7875 46.9315
68.7875 47.1432
68.7875 47.3548
68.7875 47.5665
68.7875 47.7782
68.7875 47.9898
68.7875 48.2015
68.7875 48.4132
68.7875 48.6248
68.7875 48.8365
68.7875 49.0482
68.9992 46.7198
68.9992 46.9315
68.9992 47.1432
68.9992 47.3548
68.9992 47.5665
68.9992 47.7782
68.9992 47.9898
68.9992 48.2015
68.9992 48.4132
68.9992 48.6248
68.9992 48.8365
68.9992 49.0482
69.2108 46.7198
69.2108 46.9315
69.2108 47.1432
69.2108 47.3548
69.2108 47.5665
69.2108 47.7782
69.2108 47.9898
69.2108 48.2015
69.2108 48.4132
69.2108 48.6248
69.2108 48.8365
69.2108 49.0482
69.4225 46.7198
69.4225 46.9315
69.4225 47.1432
69.4225 47.3548
69.4225 47.5665
69.4225 47.7782
69.4225 47.9898
69.4225 48.2015
69.4225 48.4132
69.4225 48.6248
69.4225 48.8365
69.4225 49.0482
69.6342 46.7198
69.6342 46.9315
69.6342 47.1432
69.6342 47.3548
69.6342 47.5665
69.6342 47.7782
69.6342 47.9898
69.6342 48.2015
69.6342 48.4132
69.6342 48.6248
69.6342 48.8365
69.6342 49.0482
67.3058 49.4523
67.3058 50.049
67.3058 50.6457
67.3058 50.9856
67.3058 51.069
67.3058 51.1523
67.3058 51.2355
67.3058 51.319
67.3058 51.4025
67.3058 51.4856
67.3058 51.5692
67.3058 51.6525
67.5175 49.4523
67.5175 50.049
67.5175 50.6457
67.5175 50.9856
67.5175 51.069
67.5175 51.1523
67.5175 51.2355
67.5175 51.319
67.5175 51.4025
67.5175 51.4856
67.5175 51.5692
67.5175 51.6525
67.7292 49.4523
67.7292 50.049
67.7292 50.6457
67.7292 50.9856
67.7292 51.069
67.7292 51.1523
67.7292 51.2355
67.7292 51.319
67.7292 51.4025
67.7292 51.4856
67.7292 51.5692
67.7292 51.6525
67.9408 49.4523
67.9408 50.049
67.9408 50.6457
67.9408 50.9856
67.9408 51.069
67.9408 51.1523
67.9408 51.2355
67.9408 51.319
67.9408 51.4025
67.9408 51.4856
67.9408 51.5692
67.9408 51.6525
68.1525 49.4523
68.1525 50.049
68.1525 50.6457
68.1525 50.9856
68.1525 51.069
68.1525 51.1523
68.1525 51.2355
68.1525 51.319
68.1525 51.4025
68.1525 51.4856
68.1525 51.5692
68.1525 51.6525
68.3642 49.4523
68.3642 50.049
68.3642 50.6457
68.3642 50.9856
68.3642 51.069
68.3642 51.1523
68.3642 51.2355
68.3642 51.319
68.3642 51.4025
68.3642 51.4856
68.3642 51.5692
68.3642 51.6525
68.5758 49.4523
68.5758 50.049
68.5758 50.6457
68.5758 50.9856
68.5758 51.069
68.5758 51.1523
68.5758 51.2355
68.5758 51.319
68.5758 51.4025
68.5758 51.4856
68.5758 51.5692
68.5758 51.6525
68.7875 49.4523
68.7875 50.049
68.7875 50.6457
68.7875 50.9856
68.7875 51.069
68.7875 51.1523
68.7875 51.2355
68.7875 51.319
68.7875 51.4025
68.7875 51.4856
68.7875 51.5692
68.7875 51.6525
68.9992 49.4523
68.9992 50.049
68.9992 50.6457
68.9992 50.9856
68.9992 51.069
68.9992 51.1523
68.9992 51.2355
68.9992 51.319
68.9992 51.4025
68.9992 51.4856
68.9992 51.5692
68.9992 51.6525
69.2108 49.4523
69.2108 50.049
69.2108 50.6457
69.2108 50.9856
69.2108 51.069
69.2108 51.1523
69.2108 51.2355
69.2108 51.319
69.2108 51.4025
69.2108 51.4856
69.2108 51.5692
69.2108 51.6525
69.4225 49.4523
69.4225 50.049
69.4225 50.6457
69.4225 50.9856
69.4225 51.069
69.4225 51.1523
69.4225 51.2355
69.4225 51.319
69.4225 51.4025
69.4225 51.4856
69.4225 51.5692
69.4225 51.6525
69.6342 49.4523
69.6342 50.049
69.6342 50.6457
69.6342 50.9856
69.6342 51.069
69.6342 51.1523
69.6342 51.2355
69.6342 51.319
69.6342 51.4025
69.6342 51.4856
69.6342 51.5692
69.6342 51.6525
67.3058 53.344
67.5175 53.344
67.7292 53.344
67.9408 53.344
68.1525 53.344
68.3642 53.344
68.5758 53.344
68.7875 53.344
68.9992 53.344
69.2108 53.344
69.4225 53.344
69.6342 53.344
71.01 1.685
71.01 5.055
71.01 8.57
71.01 12.23
71.01 16.6187
71.01 21.7363
71.01 24.7583
71.01 25.6848
71.01 27.418
71.01 29.958
71.01 32.878
71.01 36.178
71.01 39.098
71.01 41.638
71.01 43.3712
71.01 44.2978
71.01 45.2242
71.472 46.4905
70.0383 46.7198
70.0383 46.9315
70.0383 47.1432
70.0383 47.3548
70.0383 47.5665
70.0383 47.7782
70.0383 47.9898
70.0383 48.2015
70.0383 48.4132
70.0383 48.6248
70.0383 48.8365
70.0383 49.0482
70.635 46.7198
70.635 46.9315
70.635 47.1432
70.635 47.3548
70.635 47.5665
70.635 47.7782
70.635 47.9898
70.635 48.2015
70.635 48.4132
70.635 48.6248
70.635 48.8365
70.635 49.0482
71.2317 46.7198
71.2317 46.9315
71.2317 47.1432
71.2317 47.3548
71.2317 47.5665
71.2317 47.7782
71.2317 47.9898
71.2317 48.2015
71.2317 48.4132
71.2317 48.6248
71.2317 48.8365
71.2317 49.0482
71.5717 46.7198
71.5717 46.9315
71.5717 47.1432
71.5717 47.3548
71.5717 47.5665
71.5717 47.7782
71.5717 47.9898
71.5717 48.2015
71.5717 48.4132
71.5717 48.6248
71.5717 48.8365
71.5717 49.0482
71.655 46.7198
71.655 46.9315
71.655 47.1432
71.655 47.3548
71.655 47.5665
71.655 47.7782
71.655 47.9898
71.655 48.2015
71.655 48.4132
71.655 48.6248
71.655 48.8365
71.655 49.0482
71.7383 46.7198
71.7383 46.9315
71.7383 47.1432
71.7383 47.3548
71.7383 47.5665
71.7383 47.7782
71.7383 47.9898
71.7383 48.2015
71.7383 48.4132
71.7383 48.6248
71.7383 48.8365
71.7383 49.0482
71.8215 46.7198
71.8215 46.9315
71.8215 47.1432
71.8215 47.3548
71.8215 47.5665
71.8215 47.7782
71.8215 47.9898
71.8215 48.2015
71.8215 48.4132
71.8215 48.6248
71.8215 48.8365
71.8215 49.0482
71.905 46.7198
71.905 46.9315
71.905 47.1432
71.905 47.3548
71.905 47.5665
71.905 47.7782
71.905 47.9898
71.905 48.2015
71.905 48.4132
71.905 48.6248
71.905 48.8365
71.905 49.0482
71.9885 46.7198
71.9885 46.9315
71.9885 47.1432
71.9885 47.3548
71.9885 47.5665
71.9885 47.7782
71.9885 47.9898
71.9885 48.2015
71.9885 48.4132
71.9885 48.6248
71.9885 48.8365
71.9885 49.0482
72.0717 46.7198
72.0717 46.9315
72.0717 47.1432
72.0717 47.3548
72.0717 47.5665
72.0717 47.7782
72.0717 47.9898
72.0717 48.2015
72.0717 48.4132
72.0717 48.6248
72.0717 48.8365
72.0717 49.0482
72.1552 46.7198
72.1552 46.9315
72.1552 47.1432
72.1552 47.3548
72.1552 47.5665
72.1552 47.7782
72.1552 47.9898
72.1552 48.2015
72.1552 48.4132
72.1552 48.6248
72.1552 48.8365
72.1552 49.0482
72.2385 46.7198
72.2385 46.9315
72.2385 47.1432
72.2385 47.3548
72.2385 47.5665
72.2385 47.7782
72.2385 47.9898
72.2385 48.2015
72.2385 48.4132
72.2385 48.6248
72.2385 48.8365
72.2385 49.0482
70.0383 49.4523
70.0383 50.049
70.0383 50.6457
70.0383 50.9856
70.0383 51.069
70.0383 51.1523
70.0383 51.2355
70.0383 51.319
70.0383 51.4025
70.0383 51.4856
70.0383 51.5692
70.0383 51.6525
70.635 49.4523
70.635 50.049
70.635 50.6457
70.635 50.9856
70.635 51.069
70.635 51.1523
70.635 51.2355
70.635 51.319
70.635 51.4025
70.635 51.4856
70.635 51.5692
70.635 51.6525
71.2317 49.4523
71.2317 50.049
71.2317 50.6457
71.2317 50.9856
71.2317 51.069
71.2317 51.1523
71.2317 51.2355
71.2317 51.319
71.2317 51.4025
71.2317 51.4856
71.2317 51.5692
71.2317 51.6525
71.5717 49.4523
71.5717 50.049
71.5717 50.6457
71.5717 50.9856
71.5717 51.069
71.5717 51.1523
71.5717 51.2355
71.5717 51.319
71.5717 51.4025
71.5717 51.4856
71.5717 51.5692
71.5717 51.6525
71.655 49.4523
71.655 50.049
71.655 50.6457
71.655 50.9856
71.655 51.069
71.655 51.1523
71.655 51.2355
71.655 51.319
71.655 51.4025
71.655 51.4856
71.655 51.5692
71.655 51.6525
71.7383 49.4523
71.7383 50.049
71.7383 50.6457
71.7383 50.9856
71.7383 51.069
71.7383 51.1523
71.7383 51.2355
71.7383 51.319
71.7383 51.4025
71.7383 51.4856
71.7383 51.5692
71.7383 51.6525
71.8215 49.4523
71.8215 50.049
71.8215 50.6457
71.8215 50.9856
71.8215 51.069
71.8215 51.1523
71.8215 51.2355
71.8215 51.319
71.8215 51.4025
71.8215 51.4856
71.8215 51.5692
71.8215 51.6525
71.905 49.4523
71.905 50.049
71.905 50.6457
71.905 50.9856
71.905 51.069
71.905 51.1523
71.905 51.2355
71.905 51.319
71.905 51.4025
71.905 51.4856
71.905 51.5692
71.905 51.6525
71.9885 49.4523
71.9885 50.049
71.9885 50.6457
71.9885 50.9856
71.9885 51.069
71.9885 51.1523
71.9885 51.2355
71.9885 51.319
71.9885 51.4025
71.9885 51.4856
71.9885 51.5692
71.9885 51.6525
72.0717 49.4523
72.0717 50.049
72.0717 50.6457
72.0717 50.9856
72.0717 51.069
72.0717 51.1523
72.0717 51.2355
72.0717 51.319
72.0717 51.4025
72.0717 51.4856
72.0717 51.5692
72.0717 51.6525
72.1552 49.4523
72.1552 50.049
72.1552 50.6457
72.1552 50.9856
72.1552 51.069
72.1552 51.1523
72.1552 51.2355
72.1552 51.319
72.1552 51.4025
72.1552 51.4856
72.1552 51.5692
72.1552 51.6525
72.2385 49.4523
72.2385 50.049
72.2385 50.6457
72.2385 50.9856
72.2385 51.069
72.2385 51.1523
72.2385 51.2355
72.2385 51.319
72.2385 51.4025
72.2385 51.4856
72.2385 51.5692
72.2385 51.6525
70.0383 53.344
70.635 53.344
71.2317 53.344
71.5717 53.344
71.655 53.344
71.7383 53.344
71.8215 53.344
71.905 53.344
71.9885 53.344
72.0717 53.344
72.1552 53.344
72.2468 53.4006
73.93 1.685
73.93 5.055
73.93 8.57
73.93 12.23
73.93 16.6187
73.93 21.7363
73.93 24.7583
73.93 25.6848
73.93 27.418
73.93 29.958
73.93 32.878
73.93 36.178
73.93 39.098
73.93 41.638
73.93 43.3712
73.93 44.2978
73.93 45.2242
73.93 46.1508
73.93 46.7198
73.93 46.9315
73.93 47.1432
73.93 47.3548
73.93 47.5665
73.93 47.7782
73.93 47.9898
73.93 48.2015
73.93 48.4132
73.93 48.6248
73.93 48.8365
73.93 49.0482
73.93 49.4523
73.93 50.049
73.93 50.6457
73.93 50.9856
73.93 51.069
73.93 51.1523
73.93 51.2355
73.93 51.319
73.93 51.4025
73.93 51.4856
73.93 51.5692
73.9866 51.6608
75.3659 54.7799
75.0803 54.787
75.373 54.4943
74.9784 54.7448
75.3308 54.3924
74.7746 54.8338
74.8972 54.5378
75.1238 54.3112
75.4198 54.1886
74.5432 54.7878
74.701 54.4067
74.9927 54.115
75.3738 53.9572
74.3351 54.7464
74.5247 54.2888
74.8748 53.9387
75.3324 53.7491
74.1329 54.7062
74.3532 54.1743
74.7603 53.7672
75.2922 53.5469
73.9283 54.6655
74.1798 54.0584
74.6444 53.5938
75.2515 53.3423
73.7237 54.6248
74.0063 53.9425
74.5285 53.4203
75.2108 53.1377
73.519 54.5841
73.8328 53.8266
74.4126 53.2468
75.1701 52.933
73.313 54.5431
73.6581 53.7098
74.2958 53.0721
75.1291 52.727
73.0543 54.4871
73.3551 53.486
74.072 52.7691
75.0731 52.4683
72.7446 54.4165
72.9251 53.1558
73.7418 52.3391
75.0025 52.1586
72.4349 54.3459
72.495 52.8256
73.4116 51.909
74.9319 51.8489
77.23 1.685
77.23 5.055
77.23 8.57
77.23 12.23
77.23 16.6187
77.23 21.7363
77.23 24.7583
77.23 25.6848
77.23 27.418
77.23 29.958
77.23 32.878
77.23 36.178
77.23 39.098
77.23 41.638
77.23 43.3712
77.23 44.2978
77.23 45.2242
77.23 46.1508
77.23 46.7198
77.23 46.9315
77.23 47.1432
77.23 47.3548
77.23 47.5665
77.23 47.7782
77.23 47.9898
77.23 48.2015
77.23 48.4132
77.23 48.6248
77.23 48.8365
77.23 49.0482
77.23 49.4523
77.23 50.049
77.23 50.6457
77.23 50.9856
77.23 51.069
77.23 51.1523
77.23 51.2355
77.23 51.319
77.23 51.4025
77.23 51.4856
77.23 51.5692
77.1734 51.6608
75.7941 54.7799
75.787 54.4943
76.0797 54.787
75.8292 54.3924
76.1816 54.7448
75.7402 54.1886
76.0362 54.3112
76.2628 54.5378
76.3854 54.8338
75.7862 53.9572
76.1673 54.115
76.459 54.4067
76.6168 54.7878
75.8276 53.7491
76.2852 53.9387
76.6353 54.2888
76.8249 54.7464
75.8678 53.5469
76.3997 53.7672
76.8068 54.1743
77.0271 54.7062
75.9085 53.3423
76.5156 53.5938
76.9802 54.0584
77.2317 54.6655
75.9492 53.1377
76.6315 53.4203
77.1537 53.9425
77.4363 54.6248
75.9899 52.933
76.7474 53.2468
77.3272 53.8266
77.641 54.5841
76.0309 52.727
76.8642 53.0721
77.5019 53.7098
77.847 54.5431
76.0869 52.4683
77.088 52.7691
77.8049 53.486
78.1057 54.4871
76.1575 52.1586
77.4182 52.3391
78.2349 53.1558
78.4154 54.4165
76.2281 51.8489
77.7484 51.909
78.665 52.8256
78.7251 54.3459
80.15 1.685
80.15 5.055
80.15 8.57
80.15 12.23
80.15 16.6187
80.15 21.7363
80.15 24.7583
80.15 25.6848
80.15 27.418
80.15 29.958
80.15 32.878
80.15 36.178
80.15 39.098
80.15 41.638
80.15 43.3712
80.15 44.2978
80.15 45.2242
79.688 46.4905
78.9215 46.7198
78.9215 46.9315
78.9215 47.1432
78.9215 47.3548
78.9215 47.5665
78.9215 47.7782
78.9215 47.9898
78.9215 48.2015
78.9215 48.4132
78.9215 48.6248
78.9215 48.8365
78.9215 49.0482
79.005 46.7198
79.005 46.9315
79.005 47.1432
79.005 47.3548
79.005 47.5665
79.005 47.7782
79.005 47.9898
79.005 48.2015
79.005 48.4132
79.005 48.6248
79.005 48.8365
79.005 49.0482
79.0885 46.7198
79.0885 46.9315
79.0885 47.1432
79.0885 47.3548
79.0885 47.5665
79.0885 47.7782
79.0885 47.9898
79.0885 48.2015
79.0885 48.4132
79.0885 48.6248
79.0885 48.8365
79.0885 49.0482
79.1715 46.7198
79.1715 46.9315
79.1715 47.1432
79.1715 47.3548
79.1715 47.5665
79.1715 47.7782
79.1715 47.9898
79.1715 48.2015
79.1715 48.4132
79.1715 48.6248
79.1715 48.8365
79.1715 49.0482
79.255 46.7198
79.255 46.9315
79.255 47.1432
79.255 47.3548
79.255 47.5665
79.255 47.7782
79.255 47.9898
79.255 48.2015
79.255 48.4132
79.255 48.6248
79.255 48.8365
79.255 49.0482
79.3385 46.7198
79.3385 46.9315
79.3385 47.1432
79.3385 47.3548
79.3385 47.5665
79.3385 47.7782
79.3385 47.9898
79.3385 48.2015
79.3385 48.4132
79.3385 48.6248
79.3385 48.8365
79.3385 49.0482
79.4216 46.7198
79.4216 46.9315
79.4216 47.1432
79.4216 47.3548
79.4216 47.5665
79.4216 47.7782
79.4216 47.9898
79.4216 48.2015
79.4216 48.4132
79.4216 48.6248
79.4216 48.8365
79.4216 49.0482
79.5049 46.7198
79.5049 46.9315
79.5049 47.1432
79.5049 47.3548
79.5049 47.5665
79.5049 47.7782
79.5049 47.9898
79.5049 48.2015
79.5049 48.4132
79.5049 48.6248
79.5049 48.8365
79.5049 49.0482
79.5883 46.7198
79.5883 46.9315
79.5883 47.1432
79.5883 47.3548
79.5883 47.5665
79.5883 47.7782
79.5883 47.9898
79.5883 48.2015
79.5883 48.4132
79.5883 48.6248
79.5883 48.8365
79.5883 49.0482
79.9283 46.7198
79.9283 46.9315
79.9283 47.1432
79.9283 47.3548
79.9283 47.5665
79.9283 47.7782
79.9283 47.9898
79.9283 48.2015
79.9283 48.4132
79.9283 48.6248
79.9283 48.8365
79.9283 49.0482
80.525 46.7198
80.525 46.9315
80.525 47.1432
80.525 47.3548
80.525 47.5665
80.525 47.7782
80.525 47.9898
80.525 48.2015
80.525 48.4132
80.525 48.6248
80.525 48.8365
80.525 49.0482
81.1217 46.7198
81.1217 46.9315
81.1217 47.1432
81.1217 47.3548
81.1217 47.5665
81.1217 47.7782
81.1217 47.9898
81.1217 48.2015
81.1217 48.4132
81.1217 48.6248
81.1217 48.8365
81.1217 49.0482
78.9215 49.4523
78.9215 50.049
78.9215 50.6457
78.9215 50.9856
78.9215 51.069
78.9215 51.1523
78.9215 51.2355
78.9215 51.319
78.9215 51.4025
78.9215 51.4856
78.9215 51.5692
78.9215 51.6525
79.005 49.4523
79.005 50.049
79.005 50.6457
79.005 50.9856
79.005 51.069
79.005 51.1523
79.005 51.2355
79.005 51.319
79.005 51.4025
79.005 51.4856
79.005 51.5692
79.005 51.6525
79.0885 49.4523
79.0885 50.049
79.0885 50.6457
79.0885 50.9856
79.0885 51.069
79.0885 51.1523
79.0885 51.2355
79.0885 51.319
79.0885 51.4025
79.0885 51.4856
79.0885 51.5692
79.0885 51.6525
79.1715 49.4523
79.1715 50.049
79.1715 50.6457
79.1715 50.9856
79.1715 51.069
79.1715 51.1523
79.1715 51.2355
79.1715 51.319
79.1715 51.4025
79.1715 51.4856
79.1715 51.5692
79.1715 51.6525
79.255 49.4523
79.255 50.049
79.255 50.6457
79.255 50.9856
79.255 51.069
79.255 51.1523
79.255 51.2355
79.255 51.319
79.255 51.4025
79.255 51.4856
79.255 51.5692
79.255 51.6525
79.3385 49.4523
79.3385 50.049
79.3385 50.6457
79.3385 50.9856
79.3385 51.069
79.3385 51.1523
79.3385 51.2355
79.3385 51.319
79.3385 51.4025
79.3385 51.4856
79.3385 51.5692
79.3385 51.6525
79.4216 49.4523
79.4216 50.049
79.4216 50.6457
79.4216 50.9856
79.4216 51.069
79.4216 51.1523
79.4216 51.2355
79.4216 51.319
79.4216 51.4025
79.4216 51.4856
79.4216 51.5692
79.4216 51.6525
79.5049 49.4523
79.5049 50.049
79.5049 50.6457
79.5049 50.9856
79.5049 51.069
79.5049 51.1523
79.5049 51.2355
79.5049 51.319
79.5049 51.4025
79.5049 51.4856
79.5049 51.5692
79.5049 51.6525
79.5883 49.4523
79.5883 50.049
79.5883 50.6457
79.5883 50.9856
79.5883 51.069
79.5883 51.1523
79.5883 51.2355
79.5883 51.319
79.5883 51.4025
79.5883 51.4856
79.5883 51.5692
79.5883 51.6525
79.9283 49.4523
79.9283 50.049
79.9283 50.6457
79.9283 50.9856
79.9283 51.069
79.9283 51.1523
79.9283 51.2355
79.9283 51.319
79.9283 51.4025
79.9283 51.4856
79.9283 51.5692
79.9283 51.6525
80.525 49.4523
80.525 50.049
80.525 50.6457
80.525 50.9856
80.525 51.069
80.525 51.1523
80.525 51.2355
80.525 51.319
80.525 51.4025
80.525 51.4856
80.525 51.5692
80.525 51.6525
81.1217 49.4523
81.1217 50.049
81.1217 50.6457
81.1217 50.9856
81.1217 51.069
81.1217 51.1523
81.1217 51.2355
81.1217 51.319
81.1217 51.4025
81.1217 51.4856
81.1217 51.5692
81.1217 51.6525
78.9132 53.4006
79.005 53.344
79.0885 53.344
79.1715 53.344
79.255 53.344
79.3385 53.344
79.4216 53.344
79.5049 53.344
79.5883 53.344
79.9283 53.344
80.525 53.344
81.1217 53.344
82.69 1.685
82.69 5.055
82.69 8.57
82.69 12.23
82.69 16.6187
82.69 21.7363
82.69 24.7583
82.69 25.6848
82.69 27.418
82.69 29.958
82.69 32.878
82.69 36.178
82.69 39.098
82.69 41.638
82.69 43.3712
82.69 44.2978
82.69 45.2242
82.69 46.4905
81.5258 46.7198
81.5258 46.9315
81.5258 47.1432
81.5258 47.3548
81.5258 47.5665
81.5258 47.7782
81.5258 47.9898
81.5258 48.2015
81.5258 48.4132
81.5258 48.6248
81.5258 48.8365
81.5258 49.0482
81.7375 46.7198
81.7375 46.9315
81.7375 47.1432
81.7375 47.3548
81.7375 47.5665
81.7375 47.7782
81.7375 47.9898
81.7375 48.2015
81.7375 48.4132
81.7375 48.6248
81.7375 48.8365
81.7375 49.0482
81.9492 46.7198
81.9492 46.9315
81.9492 47.1432
81.9492 47.3548
81.9492 47.5665
81.9492 47.7782
81.9492 47.9898
81.9492 48.2015
81.9492 48.4132
81.9492 48.6248
81.9492 48.8365
81.9492 49.0482
82.1608 46.7198
82.1608 46.9315
82.1608 47.1432
82.1608 47.3548
82.1608 47.5665
82.1608 47.7782
82.1608 47.9898
82.1608 48.2015
82.1608 48.4132
82.1608 48.6248
82.1608 48.8365
82.1608 49.0482
82.3725 46.7198
82.3725 46.9315
82.3725 47.1432
82.3725 47.3548
82.3725 47.5665
82.3725 47.7782
82.3725 47.9898
82.3725 48.2015
82.3725 48.4132
82.3725 48.6248
82.3725 48.8365
82.3725 49.0482
82.5842 46.7198
82.5842 46.9315
82.5842 47.1432
82.5842 47.3548
82.5842 47.5665
82.5842 47.7782
82.5842 47.9898
82.5842 48.2015
82.5842 48.4132
82.5842 48.6248
82.5842 48.8365
82.5842 49.0482
82.7958 46.7198
82.7958 46.9315
82.7958 47.1432
82.7958 47.3548
82.7958 47.5665
82.7958 47.7782
82.7958 47.9898
82.7958 48.2015
82.7958 48.4132
82.7958 48.6248
82.7958 48.8365
82.7958 49.0482
83.0075 46.7198
83.0075 46.9315
83.0075 47.1432
83.0075 47.3548
83.0075 47.5665
83.0075 47.7782
83.0075 47.9898
83.0075 48.2015
83.0075 48.4132
83.0075 48.6248
83.0075 48.8365
83.0075 49.0482
83.2192 46.7198
83.2192 46.9315
83.2192 47.1432
83.2192 47.3548
83.2192 47.5665
83.2192 47.7782
83.2192 47.9898
83.2192 48.2015
83.2192 48.4132
83.2192 48.6248
83.2192 48.8365
83.2192 49.0482
83.4308 46.7198
83.4308 46.9315
83.4308 47.1432
83.4308 47.3548
83.4308 47.5665
83.4308 47.7782
83.4308 47.9898
83.4308 48.2015
83.4308 48.4132
83.4308 48.6248
83.4308 48.8365
83.4308 49.0482
83.6425 46.7198
83.6425 46.9315
83.6425 47.1432
83.6425 47.3548
83.6425 47.5665
83.6425 47.7782
83.6425 47.9898
83.6425 48.2015
83.6425 48.4132
83.6425 48.6248
83.6425 48.8365
83.6425 49.0482
83.8542 46.7198
83.8542 46.9315
83.8542 47.1432
83.8542 47.3548
83.8542 47.5665
83.8542 47.7782
83.8542 47.9898
83.8542 48.2015
83.8542 48.4132
83.8542 48.6248
83.8542 48.8365
83.8542 49.0482
81.5258 49.4523
81.5258 50.049
81.5258 50.6457
81.5258 50.9856
81.5258 51.069
81.5258 51.1523
81.5258 51.2355
81.5258 51.319
81.5258 51.4025
81.5258 51.4856
81.5258 51.5692
81.5258 51.6525
81.7375 49.4523
81.7375 50.049
81.7375 50.6457
81.7375 50.9856
81.7375 51.069
81.7375 51.1523
81.7375 51.2355
81.7375 51.319
81.7375 51.4025
81.7375 51.4856
81.7375 51.5692
81.7375 51.6525
81.9492 49.4523
81.9492 50.049
81.9492 50.6457
81.9492 50.9856
81.9492 51.069
81.9492 51.1523
81.9492 51.2355
81.9492 51.319
81.9492 51.4025
81.9492 51.4856
81.9492 51.5692
81.9492 51.6525
82.1608 49.4523
82.1608 50.049
82.1608 50.6457
82.1608 50.9856
82.1608 51.069
82.1608 51.1523
82.1608 51.2355
82.1608 51.319
82.1608 51.4025
82.1608 51.4856
82.1608 51.5692
82.1608 51.6525
82.3725 49.4523
82.3725 50.049
82.3725 50.6457
82.3725 50.9856
82.3725 51.069
82.3725 51.1523
82.3725 51.2355
82.3725 51.319
82.3725 51.4025
82.3725 51.4856
82.3725 51.5692
82.3725 51.6525
82.5842 49.4523
82.5842 50.049
82.5842 50.6457
82.5842 50.9856
82.5842 51.069
82.5842 51.1523
82.5842 51.2355
82.5842 51.319
82.5842 51.4025
82.5842 51.4856
82.5842 51.5692
82.5842 51.6525
82.7958 49.4523
82.7958 50.049
82.7958 50.6457
82.7958 50.9856
82.7958 51.069
82.7958 51.1523
82.7958 51.2355
82.7958 51.319
82.7958 51.4025
82.7958 51.4856
82.7958 51.5692
82.7958 51.6525
83.0075 49.4523
83.0075 50.049
83.0075 50.6457
83.0075 50.9856
83.0075 51.069
83.0075 51.1523
83.0075 51.2355
83.0075 51.319
83.0075 51.4025
83.0075 51.4856
83.0075 51.5692
83.0075 51.6525
83.2192 49.4523
83.2192 50.049
83.2192 50.6457
83.2192 50.9856
83.2192 51.069
83.2192 51.1523
83.2192 51.2355
83.2192 51.319
83.2192 51.4025
83.2192 51.4856
83.2192 51.5692
83.2192 51.6525
83.4308 49.4523
83.4308 50.049
83.4308 50.6457
83.4308 50.9856
83.4308 51.069
83.4308 51.1523
83.4308 51.2355
83.4308 51.319
83.4308 51.4025
83.4308 51.4856
83.4308 51.5692
83.4308 51.6525
83.6425 49.4523
83.6425 50.049
83.6425 50.6457
83.6425 50.9856
83.6425 51.069
83.6425 51.1523
83.6425 51.2355
83.6425 51.319
83.6425 51.4025
83.6425 51.4856
83.6425 51.5692
83.6425 51.6525
83.8542 49.4523
83.8542 50.049
83.8542 50.6457
83.8542 50.9856
83.8542 51.069
83.8542 51.1523
83.8542 51.2355
83.8542 51.319
83.8542 51.4025
83.8542 51.4856
83.8542 51.5692
83.8542 51.6525
81.5258 53.344
81.7375 53.344
81.9492 53.344
82.1608 53.344
82.3725 53.344
82.5842 53.344
82.7958 53.344
83.0075 53.344
83.2192 53.344
83.4308 53.344
83.6425 53.344
83.8542 53.344
85.23 1.685
85.23 5.055
85.23 8.57
85.23 12.23
85.23 16.6187
85.23 21.7363
85.23 24.7583
85.23 25.6848
85.23 27.418
85.23 29.958
85.23 32.878
85.23 36.178
85.23 39.098
85.23 41.638
85.23 43.3712
85.23 44.2978
85.23 45.2242
85.23 46.1508
84.2987 47.884
84.2987 50.886
85.23 53.344
87.77 1.685
87.77 5.055
87.77 8.57
87.77 12.23
87.77 16.6187
87.77 21.7363
87.77 24.7583
87.77 25.6848
87.77 27.418
87.77 29.958
87.77 32.878
87.77 36.178
87.77 39.098
87.77 41.638
87.77 43.3712
87.77 44.2978
87.77 45.2242
87.77 46.1508
87.77 47.884
87.77 50.424
87.77 53.344
90.69 1.685
90.69 5.055
90.69 8.57
90.69 12.23
90.69 16.6187
90.69 21.7363
90.69 24.7583
90.69 25.6848
90.69 27.418
90.69 29.958
90.69 32.878
90.69 36.178
90.69 39.098
90.69 41.638
90.69 43.3712
90.69 44.2978
90.69 45.2242
90.69 46.1508
90.69 47.884
90.69 50.424
90.69 53.344
93.99 1.685
93.99 5.055
93.99 8.57
93.99 12.23
93.99 16.6187
93.99 21.7363
93.99 24.7583
93.99 25.6848
93.99 27.418
93.99 29.958
93.99 32.878
93.99 36.178
93.99 39.098
93.99 41.638
93.99 43.3712
93.99 44.2978
93.99 45.2242
93.99 46.1508
93.99 47.884
93.99 50.424
93.99 53.344
96.91 1.685
96.91 5.055
96.91 8.57
96.91 12.23
96.91 16.6187
96.91 21.7363
96.91 24.7583
96.91 25.6848
96.91 27.418
96.91 29.958
96.91 32.878
96.91 36.178
96.91 39.098
96.91 41.638
96.91 43.3712
96.91 44.2978
96.91 45.2242
96.91 46.1508
96.91 47.884
96.91 50.424
96.91 53.344
99.45 1.685
99.45 5.055
99.45 8.57
99.45 12.23
99.45 16.6187
99.45 21.7363
99.45 24.7583
99.45 25.6848
99.45 27.418
99.45 29.958
99.45 32.878
99.45 36.178
99.45 39.098
99.45 41.638
99.45 43.3712
99.45 44.2978
99.45 45.2242
99.45 46.1508
99.45 47.884
99.45 50.424
99.45 53.344
101.99 1.685
101.99 5.055
101.99 8.57
101.99 12.23
101.99 16.6187
101.99 21.7363
101.99 24.7583
101.99 25.6848
101.99 27.418
101.99 29.958
101.99 32.878
101.99 36.178
101.99 39.098
101.99 41.638
101.99 43.3712
101.99 44.2978
101.99 45.2242
101.99 46.1508
101.99 47.884
101.99 50.424
101.99 53.344
104.53 1.685
104.53 5.055
104.53 8.57
104.53 12.23
104.53 16.6187
104.53 21.7363
104.53 24.7583
104.53 25.6848
104.53 27.418
104.53 29.958
104.53 32.878
104.53 36.178
104.53 39.098
104.53 41.638
104.53 43.3712
104.53 44.2978
104.53 45.2242
104.53 46.1508
104.53 47.884
104.53 50.424
104.53 53.344
107.45 1.685
107.45 5.055
107.45 8.57
107.45 12.23
107.45 16.6187
107.45 21.7363
107.45 24.7583
107.45 25.6848
107.45 27.418
107.45 29.958
107.45 32.878
107.45 36.178
107.45 39.098
107.45 41.638
107.45 43.3712
107.45 44.2978
107.45 45.2242
107.45 46.1508
107.45 47.884
107.45 50.424
107.45 53.344
110.75 1.685
110.75 5.055
110.75 8.57
110.75 12.23
110.75 16.6187
110.75 21.7363
110.75 24.7583
110.75 25.6848
110.75 27.418
110.75 29.958
110.75 32.878
110.75 36.178
110.75 39.098
110.75 41.638
110.75 43.3712
110.75 44.2978
110.75 45.2242
110.75 46.1508
110.75 47.884
110.75 50.424
110.75 53.344
113.67 1.685
113.67 5.055
113.67 8.57
113.67 12.23
113.67 16.6187
113.67 21.7363
113.67 24.7583
113.67 25.6848
113.67 27.418
113.67 29.958
113.67 32.878
113.67 36.178
113.67 39.098
113.67 41.638
113.67 43.3712
113.67 44.2978
113.67 45.2242
113.67 46.1508
113.67 47.884
113.67 50.424
113.67 53.344
116.21 1.685
116.21 5.055
116.21 8.57
116.21 12.23
116.21 16.6187
116.21 21.7363
116.21 24.7583
116.21 25.6848
116.21 27.418
116.21 29.958
116.21 32.878
116.21 36.178
116.21 39.098
116.21 41.638
116.21 43.3712
116.21 44.2978
116.21 45.2242
116.21 46.1508
116.21 47.884
116.21 50.424
116.21 53.344
119.07 1.685
119.07 5.055
119.07 8.57
119.07 12.23
119.07 16.6187
119.07 21.7363
119.07 24.7583
119.07 25.6848
119.07 27.418
119.07 29.958
119.07 32.878
119.07 36.178
119.07 39.098
119.07 41.638
119.07 43.3712
119.07 44.2978
119.07 45.2242
119.07 46.1508
119.07 47.884
119.07 50.424
119.07 53.344
122.25 1.685
122.25 5.055
122.25 8.57
122.25 12.23
122.25 16.6187
122.25 21.7363
122.25 24.7583
122.25 25.6848
122.25 27.418
122.25 29.958
122.25 32.878
122.25 36.178
122.25 39.098
122.25 41.638
122.25 43.3712
122.25 44.2978
122.25 45.2242
122.25 46.1508
122.25 47.884
122.25 50.424
122.25 53.344
125.6 1.685
125.6 5.055
125.6 8.57
125.6 12.23
125.6 16.6187
125.6 21.7363
125.6 24.7583
125.6 25.6848
125.6 27.418
125.6 29.958
125.6 32.878
125.6 36.178
125.6 39.098
125.6 41.638
125.6 43.3712
125.6 44.2978
125.6 45.2242
125.6 46.1508
125.6 47.884
125.6 50.424
125.6 53.344
129.12 1.685
129.12 5.055
129.12 8.57
129.12 12.23
129.12 16.6187
129.12 21.7363
129.12 24.7583
129.12 25.6848
129.12 27.418
129.12 29.958
129.12 32.878
129.12 36.178
129.12 39.098
129.12 41.638
129.12 43.3712
129.12 44.2978
129.12 45.2242
129.12 46.1508
129.12 47.884
129.12 50.424
129.12 53.344
132.64 1.685
132.64 5.055
132.64 8.57
132.64 12.23
132.64 16.6187
132.64 21.7363
132.64 24.7583
132.64 25.6848
132.64 27.418
132.64 29.958
132.64 32.878
132.64 36.178
132.64 39.098
132.64 41.638
132.64 43.3712
132.64 44.2978
132.64 45.2242
132.64 46.1508
132.64 47.884
132.64 50.424
132.64 53.344
136.16 1.685
136.16 5.055
136.16 8.57
136.16 12.23
136.16 16.6187
136.16 21.7363
136.16 24.7583
136.16 25.6848
136.16 27.418
136.16 29.958
136.16 32.878
136.16 36.178
136.16 39.098
136.16 41.638
136.16 43.3712
136.16 44.2978
136.16 45.2242
136.16 46.1508
136.16 47.884
136.16 50.424
136.16 53.344
139.68 1.685
139.68 5.055
139.68 8.57
139.68 12.23
139.68 16.6187
139.68 21.7363
139.68 24.7583
139.68 25.6848
139.68 27.418
139.68 29.958
139.68 32.878
139.68 36.178
139.68 39.098
139.68 41.638
139.68 43.3712
139.68 44.2978
139.68 45.2242
139.68 46.1508
139.68 47.884
139.68 50.424
139.68 53.344
143.2 1.685
143.2 5.055
143.2 8.57
143.2 12.23
143.2 16.6187
143.2 21.7363
143.2 24.7583
143.2 25.6848
143.2 27.418
143.2 29.958
143.2 32.878
143.2 36.178
143.2 39.098
143.2 41.638
143.2 43.3712
143.2 44.2978
143.2 45.2242
143.2 46.1508
143.2 47.884
143.2 50.424
143.2 53.344
146.72 1.685
146.72 5.055
146.72 8.57
146.72 12.23
146.72 16.6187
146.72 21.7363
146.72 24.7583
146.72 25.6848
146.72 27.418
146.72 29.958
146.72 32.878
146.72 36.178
146.72 39.098
146.72 41.638
146.72 43.3712
146.72 44.2978
146.72 45.2242
146.72 46.1508
146.72 47.884
146.72 50.424
146.72 53.344
150.24 1.685
150.24 5.055
150.24 8.57
150.24 12.23
150.24 16.6187
150.24 21.7363
150.24 24.7583
150.24 25.6848
150.24 27.418
150.24 29.958
150.24 32.878
150.24 36.178
150.24 39.098
150.24 41.638
150.24 43.3712
150.24 44.2978
150.24 45.2242
150.24 46.1508
150.24 47.884
150.24 50.424
150.24 53.344
