4
4
4
4
4
6
6
4
6
4
10
6
4
4
4
4
4
4
6
6
4
6
4
10
8
4
4
4
4
4
4
6
6
4
6
4
10
10
4
2
2
2
2
2
3
3
2
3
2
5
5
2
6
6
6
6
6
9
9
6
9
6
15
15
52
4
4
4
4
4
6
6
4
6
4
10
10
35
4
4
4
4
4
6
6
4
6
4
10
10
4
4
4
4
4
4
6
6
4
6
4
10
8
4
4
4
4
4
4
6
6
4
6
4
10
6
4
4
4
4
4
4
6
6
4
6
4
10
6
4
4
4
4
4
4
6
6
4
6
4
10
6
4
4
4
4
4
4
6
6
4
6
4
10
6
4
4
4
4
4
4
6
6
4
6
4
10
6
4
6
6
6
6
6
9
9
6
9
6
15
9
6
4
4
4
4
4
6
6
4
6
4
10
6
4
4
4
4
4
4
6
6
4
6
4
10
6
4
4
4
4
4
4
6
6
4
6
4
10
6
4
6
6
6
6
6
9
9
6
9
6
15
9
6
4
4
4
4
4
6
6
4
6
4
10
124
90
6
6
6
6
6
9
9
6
9
6
15
273
200
4
4
4
4
4
6
6
4
6
4
10
32
86
4
4
4
4
4
6
6
4
6
4
10
152
157
4
4
4
4
4
6
6
4
6
4
10
197
143
6
6
6
6
6
9
9
6
9
6
15
67
48
4
4
4
4
4
6
6
4
6
4
10
6
4
4
4
4
4
4
6
6
4
6
4
10
6
4
4
4
4
4
4
6
6
4
6
4
10
6
4
6
6
6
6
6
9
9
6
9
6
15
9
6
4
4
4
4
4
6
6
4
6
4
10
6
4
4
4
4
4
4
6
6
4
6
4
10
6
4
4
4
4
4
4
6
6
4
6
4
10
6
4
6
6
6
6
6
9
9
6
9
6
15
9
6
4
4
4
4
4
6
6
4
6
4
10
6
4
4
4
4
4
4
6
6
4
6
4
10
6
4
4
4
4
4
4
6
6
4
6
4
10
6
4
4
4
4
4
4
6
6
4
6
4
10
6
4
4
4
4
4
4
6
6
4
6
4
10
6
4
4
4
4
4
4
6
6
4
6
4
10
6
4
4
4
4
4
4
6
6
4
6
4
10
6
4
4
4
4
4
4
6
6
4
6
4
10
6
4
4
4
4
4
4
6
6
4
6
4
10
6
4
4
4
4
4
4
6
6
4
6
4
10
6
4
