0.000000000000000000e+00
7.000000000000000000e+00
1.461999999999999922e+01
1.816349999999999909e+01
2.351000000000000156e+01
3.050000000000000000e+01
3.875999999999999801e+01
4.789999999999999858e+01
5.552000000000000313e+01
6.465999999999999659e+01
6.741169999999999618e+01
6.783499999999999375e+01
6.825830000000000553e+01
6.889329999999999643e+01
6.931669999999999732e+01
6.973999999999999488e+01
7.093330000000000268e+01
7.169660000000000366e+01
7.186299999999999955e+01
7.211329999999999529e+01
7.228000000000000114e+01
7.557999999999999829e+01
7.887999999999999545e+01
7.896299999999999386e+01
7.904699999999999704e+01
7.921299999999999386e+01
7.937999999999999545e+01
7.954659999999999798e+01
8.082330000000000325e+01
8.163169999999999504e+01
8.205500000000000682e+01
8.247830000000000439e+01
8.311329999999999529e+01
8.353669999999999618e+01
8.395999999999999375e+01
9.234000000000000341e+01
9.818000000000000682e+01
1.057999999999999972e+02
1.149399999999999977e+02
1.238400000000000034e+02
1.344000000000000057e+02
1.449600000000000080e+02
1.520000000000000000e+02
