0 46.614 47.249 48.0957 48.3073 48.519 48.9423 49.154 49.7507 50.3473 50.944 51.0273 51.694 54.994  
0 46.614 47.249 48.0957 48.3073 48.519 48.9423 49.154 49.7507 50.3473 50.944 51.0273 51.694 54.994 
0 46.614 47.249 48.0957 48.3073 48.519 48.9423 49.154 49.7507 50.3473 50.944 51.0273 51.694 54.994 
0 46.614 47.249 48.0957 48.3073 48.519 48.9423 49.154 49.7507 50.3473 50.944 51.0273 51.694 54.994 
0 46.614 47.249 48.0957 48.3073 48.519 48.9423 49.154 49.7507 50.3473 50.944 51.0273 51.694 54.994 
0 46.614 47.249 48.0957 48.3073 48.519 48.9423 49.154 49.7507 50.3473 50.944 51.0273 51.694 54.994 
0 46.614 47.249 48.0957 48.3073 48.519 48.9423 49.154 49.7507 50.3473 50.944 51.0273 51.694 54.994 
0 46.614 47.249 48.0957 48.3073 48.519 48.9423 49.154 49.7507 50.3473 50.944 51.0273 51.694 54.994 
0 46.614 47.249 48.0957 48.3073 48.519 48.9423 49.154 49.7507 50.3473 50.944 51.0273 51.694 54.994 
0 46.614 47.249 48.0957 48.3073 48.519 48.9423 49.154 49.7507 50.3473 50.944 51.0273 51.694 54.994 
0 46.614 47.249 48.0957 48.3073 48.519 48.9423 49.154 49.7507 50.3473 50.944 51.0273 51.694 54.994 
0 46.614 47.249 48.0957 48.3073 48.519 48.9423 49.154 49.7507 50.3473 50.944 51.0273 51.694 54.994 
0 46.614 47.249 48.0957 48.3073 48.519 48.9423 49.154 49.7507 50.3473 50.944 51.0273 51.694 54.994 
0 46.614 47.249 48.0957 48.3073 48.519 48.9423 49.154 49.7507 50.3473 50.944 51.0273 51.694 54.994 
0 46.614 47.249 48.0957 48.3073 48.519 48.9423 49.154 49.7507 50.3473 50.944 51.0273 51.694 54.994 
0 46.614 47.249 48.0957 48.3073 48.519 48.9423 49.154 49.7507 50.3473 50.944 51.0273 51.694 54.994 
0 46.614 47.249 48.0957 48.3073 48.519 48.9423 49.154 49.7507 50.3473 50.944 51.0273 51.694 54.994 
0 46.614 47.249 48.0957 48.3073 48.519 48.9423 49.154 49.7507 50.3473 50.944 51.0273 51.694 54.994 
0 46.614 47.249 48.0957 48.3073 48.519 48.9423 49.154 49.7507 50.3473 50.944 51.0273 51.694 54.994 
0 46.614 47.249 48.0957 48.3073 48.519 48.9423 49.154 49.7507 50.3473 50.944 51.0273 51.694 54.994 
0 46.614 47.249 48.0957 48.3073 48.519 48.9423 49.154 49.7507 50.3473 50.944 51.0273 51.694 54.994 
0 46.614 47.249 48.0957 48.3073 48.519 48.9423 49.154 49.7507 50.3473 50.944 51.0273 51.694 54.994 
0 46.614 47.249 48.0957 48.3073 48.519 48.9423 49.154 49.7507 50.3473 50.944 51.0273 51.694 54.994 
0 46.614 47.249 48.0957 48.3073 48.519 48.9423 49.154 49.7507 50.3473 50.944 51.0273 51.694 54.994 
0 46.614 47.249 48.0957 48.3073 48.519 48.9423 49.154 49.7507 50.3473 50.944 51.0273 51.694 54.994 
0 46.614 47.249 48.0957 48.3073 48.519 48.9423 49.154 49.7507 50.3473 50.944 51.0273 51.694 54.994 
0 46.614 47.249 48.0957 48.3073 48.519 48.9423 49.154 49.7507 50.3473 50.944 51.0273 51.694 54.994 
0 46.614 47.249 48.0957 48.3073 48.519 48.9423 49.154 49.7507 50.3473 50.944 51.0273 51.694 54.994 
0 46.614 47.249 48.0957 48.3073 48.519 48.9423 49.154 49.7507 50.3473 50.944 51.0273 51.694 54.994 
0 46.614 47.249 48.0957 48.3073 48.519 48.9423 49.154 49.7507 50.3473 50.944 51.0273 51.694 54.994 
0 46.614 47.249 48.0957 48.3073 48.519 48.9423 49.154 49.7507 50.3473 50.944 51.0273 51.694 54.994 
0 46.614 47.249 48.0957 48.3073 48.519 48.9423 49.154 49.7507 50.3473 50.944 51.0273 51.694 54.994 
0 46.614 47.249 48.0957 48.3073 48.519 48.9423 49.154 49.7507 50.3473 50.944 51.0273 51.694 54.994 
0 46.614 47.249 48.0957 48.3073 48.519 48.9423 49.154 49.7507 50.3473 50.944 51.0273 51.694 54.994 
0 46.614 47.249 48.0957 48.3073 48.519 48.9423 49.154 49.7507 50.3473 50.944 51.0273 51.694 54.994 
0 46.614 47.249 48.0957 48.3073 48.519 48.9423 49.154 49.7507 50.3473 50.944 51.0273 51.694 54.994 
0 46.614 47.249 48.0957 48.3073 48.519 48.9423 49.154 49.7507 50.3473 50.944 51.0273 51.694 54.994 
0 46.614 47.249 48.0957 48.3073 48.519 48.9423 49.154 49.7507 50.3473 50.944 51.0273 51.694 54.994 
0 46.614 47.249 48.0957 48.3073 48.519 48.9423 49.154 49.7507 50.3473 50.944 51.0273 51.694 54.994 
0 46.614 47.249 48.0957 48.3073 48.519 48.9423 49.154 49.7507 50.3473 50.944 51.0273 51.694 54.994 
0 46.614 47.249 48.0957 48.3073 48.519 48.9423 49.154 49.7507 50.3473 50.944 51.0273 51.694 54.994 
0 46.614 47.249 48.0957 48.3073 48.519 48.9423 49.154 49.7507 50.3473 50.944 51.0273 51.694 54.994 
