0 6.74 10.4 14.06 19.1774 24.295 37.828 44.761 46.614 47.4607 48.9423 49.154 51.694 54.994  
0 6.74 10.4 14.06 19.1774 24.295 37.828 44.761 46.614 47.4607 48.9423 49.154 51.694 54.994 
0 6.74 10.4 14.06 19.1774 24.295 37.828 44.761 46.614 47.4607 48.9423 49.154 51.694 54.994 
0 6.74 10.4 14.06 19.1774 24.295 37.828 44.761 46.614 47.4607 48.9423 49.154 51.694 54.994 
0 6.74 10.4 14.06 19.1774 24.295 37.828 44.761 46.614 47.4607 48.9423 49.154 51.694 54.994 
0 6.74 10.4 14.06 19.1774 24.295 37.828 44.761 46.614 47.4607 48.9423 49.154 51.694 54.994 
0 6.74 10.4 14.06 19.1774 24.295 37.828 44.761 46.614 47.4607 48.9423 49.154 51.694 54.994 
0 6.74 10.4 14.06 19.1774 24.295 37.828 44.761 46.614 47.4607 48.9423 49.154 51.694 54.994 
0 6.74 10.4 14.06 19.1774 24.295 37.828 44.761 46.614 47.4607 48.9423 49.154 51.694 54.994 
0 6.74 10.4 14.06 19.1774 24.295 37.828 44.761 46.614 47.4607 48.9423 49.154 51.694 54.994 
0 6.74 10.4 14.06 19.1774 24.295 37.828 44.761 46.614 47.4607 48.9423 49.154 51.694 54.994 
0 6.74 10.4 14.06 19.1774 24.295 37.828 44.761 46.614 47.4607 48.9423 49.154 51.694 54.994 
0 6.74 10.4 14.06 19.1774 24.295 37.828 44.761 46.614 47.4607 48.9423 49.154 51.694 54.994 
0 6.74 10.4 14.06 19.1774 24.295 37.828 44.761 46.614 47.4607 48.9423 49.154 51.694 54.994 
0 6.74 10.4 14.06 19.1774 24.295 37.828 44.761 46.614 47.4607 48.9423 49.154 51.694 54.994 
0 6.74 10.4 14.06 19.1774 24.295 37.828 44.761 46.614 47.4607 48.9423 49.154 51.694 54.994 
0 6.74 10.4 14.06 19.1774 24.295 37.828 44.761 46.614 47.4607 48.9423 49.154 51.694 54.994 
0 6.74 10.4 14.06 19.1774 24.295 37.828 44.761 46.614 47.4607 48.9423 49.154 51.694 54.994 
0 6.74 10.4 14.06 19.1774 24.295 37.828 44.761 46.614 47.4607 48.9423 49.154 51.694 54.994 
0 6.74 10.4 14.06 19.1774 24.295 37.828 44.761 46.614 47.4607 48.9423 49.154 51.694 54.994 
0 6.74 10.4 14.06 19.1774 24.295 37.828 44.761 46.614 47.4607 48.9423 49.154 51.694 54.994 
0 6.74 10.4 14.06 19.1774 24.295 37.828 44.761 46.614 47.4607 48.9423 49.154 51.694 54.994 
0 6.74 10.4 14.06 19.1774 24.295 37.828 44.761 46.614 47.4607 48.9423 49.154 51.694 54.994 
0 6.74 10.4 14.06 19.1774 24.295 37.828 44.761 46.614 47.4607 48.9423 49.154 51.694 54.994 
0 6.74 10.4 14.06 19.1774 24.295 37.828 44.761 46.614 47.4607 48.9423 49.154 51.694 54.994 
0 6.74 10.4 14.06 19.1774 24.295 37.828 44.761 46.614 47.4607 48.9423 49.154 51.694 54.994 
0 6.74 10.4 14.06 19.1774 24.295 37.828 44.761 46.614 47.4607 48.9423 49.154 51.694 54.994 
0 6.74 10.4 14.06 19.1774 24.295 37.828 44.761 46.614 47.4607 48.9423 49.154 51.694 54.994 
0 6.74 10.4 14.06 19.1774 24.295 37.828 44.761 46.614 47.4607 48.9423 49.154 51.694 54.994 
0 6.74 10.4 14.06 19.1774 24.295 37.828 44.761 46.614 47.4607 48.9423 49.154 51.694 54.994 
0 6.74 10.4 14.06 19.1774 24.295 37.828 44.761 46.614 47.4607 48.9423 49.154 51.694 54.994 
0 6.74 10.4 14.06 19.1774 24.295 37.828 44.761 46.614 47.4607 48.9423 49.154 51.694 54.994 
0 6.74 10.4 14.06 19.1774 24.295 37.828 44.761 46.614 47.4607 48.9423 49.154 51.694 54.994 
0 6.74 10.4 14.06 19.1774 24.295 37.828 44.761 46.614 47.4607 48.9423 49.154 51.694 54.994 
0 6.74 10.4 14.06 19.1774 24.295 37.828 44.761 46.614 47.4607 48.9423 49.154 51.694 54.994 
0 6.74 10.4 14.06 19.1774 24.295 37.828 44.761 46.614 47.4607 48.9423 49.154 51.694 54.994 
0 6.74 10.4 14.06 19.1774 24.295 37.828 44.761 46.614 47.4607 48.9423 49.154 51.694 54.994 
0 6.74 10.4 14.06 19.1774 24.295 37.828 44.761 46.614 47.4607 48.9423 49.154 51.694 54.994 
0 6.74 10.4 14.06 19.1774 24.295 37.828 44.761 46.614 47.4607 48.9423 49.154 51.694 54.994 
0 6.74 10.4 14.06 19.1774 24.295 37.828 44.761 46.614 47.4607 48.9423 49.154 51.694 54.994 
0 6.74 10.4 14.06 19.1774 24.295 37.828 44.761 46.614 47.4607 48.9423 49.154 51.694 54.994 
0 6.74 10.4 14.06 19.1774 24.295 37.828 44.761 46.614 47.4607 48.9423 49.154 51.694 54.994 
