2 37 127 
2 3 127 
3 86 127 
2 6 37 41 
2 3 6 7 
3 7 86 90 
6 10 13 41 45 
6 7 10 11 14 
7 11 15 90 94 
13 17 45 53 
10 13 14 17 18 
11 14 15 18 19 
15 19 94 101 
17 22 53 58 
17 18 22 23 
18 19 23 24 
19 24 101 106 
22 27 58 63 
22 23 27 28 
23 24 28 29 
24 29 106 111 
27 32 63 68 
27 28 31 32 
28 29 30 31 
29 30 111 116 
26 32 68 73 
25 26 31 32 
21 25 30 31 
21 30 116 121 
20 26 59 73 
16 20 25 26 
12 16 21 25 
12 21 121 126 
9 20 38 59 
8 9 16 20 
5 8 12 16 
5 12 110 126 
4 9 33 38 
1 4 8 9 
0 1 5 8 
0 5 89 110 
35 127 131 
35 36 127 
36 37 127 
35 39 131 135 
35 36 39 40 
36 37 40 41 
39 43 46 135 139 
39 40 43 44 47 
40 41 44 45 48 
46 50 139 147 
43 46 47 50 51 
44 47 48 51 52 
45 48 52 53 
50 55 147 152 
50 51 55 56 
51 52 56 57 
52 53 57 58 
55 60 152 157 
55 56 60 61 
56 57 61 62 
57 58 62 63 
60 65 157 162 
60 61 65 66 
61 62 66 67 
62 63 67 68 
65 70 162 167 
65 66 70 71 
66 67 71 72 
67 68 72 73 
70 74 167 172 
69 70 71 74 
64 69 71 72 
59 64 72 73 
54 74 172 177 
49 54 69 74 
42 49 64 69 
38 42 59 64 
54 76 177 178 
49 54 75 76 
34 42 49 75 
33 34 38 42 
75 76 77 178 180 
77 78 180 181 
78 79 181 182 
79 80 182 183 
80 81 183 184 
81 82 184 185 
82 83 185 186 
83 84 186 187 
86 87 127 
87 88 127 
88 127 128 
86 87 90 91 
87 88 91 92 
88 92 128 132 
90 91 94 95 98 
91 92 95 96 99 
92 96 100 132 136 
94 98 101 102 
95 98 99 102 103 
96 99 100 103 104 
100 104 136 143 
101 102 106 107 
102 103 107 108 
103 104 108 109 
104 109 143 148 
106 107 111 112 
107 108 112 113 
108 109 113 114 
109 114 148 153 
111 112 116 117 
112 113 117 118 
113 114 118 119 
114 119 153 158 
116 117 121 122 
117 118 122 123 
118 119 123 124 
119 124 158 163 
121 122 125 126 
120 122 123 125 
115 120 123 124 
115 124 163 168 
105 110 125 126 
97 105 120 125 
93 97 115 120 
93 115 168 173 
85 89 105 110 
85 97 105 188 
93 97 188 189 
93 173 189 190 
127 128 129 
127 129 130 
127 130 131 
128 129 132 133 
129 130 133 134 
130 131 134 135 
132 133 136 137 140 
133 134 137 138 141 
134 135 138 139 142 
136 140 143 144 
137 140 141 144 145 
138 141 142 145 146 
139 142 146 147 
143 144 148 149 
144 145 149 150 
145 146 150 151 
146 147 151 152 
148 149 153 154 
149 150 154 155 
150 151 155 156 
151 152 156 157 
153 154 158 159 
154 155 159 160 
155 156 160 161 
156 157 161 162 
158 159 163 164 
159 160 164 165 
160 161 165 166 
161 162 166 167 
163 164 168 169 
164 165 169 170 
165 166 170 171 
166 167 171 172 
168 169 173 174 
169 170 174 175 
170 171 175 176 
171 172 176 177 
173 174 190 191 
174 175 191 192 
175 176 179 192 
176 177 178 179 
178 179 180 192 193 
180 181 193 194 
181 182 194 195 
182 183 195 196 
183 184 196 197 
184 185 197 198 
185 186 198 199 
186 187 199 200 
188 189 190 201 202 
190 191 192 202 203 
192 193 203 204 
193 194 204 205 
194 195 205 206 
195 196 206 207 
196 197 207 208 
197 198 208 209 
198 199 209 210 
199 200 210 211 
201 202 212 213 
202 203 213 214 
203 204 214 215 
204 205 215 216 
205 206 216 217 
206 207 217 218 
207 208 218 219 
208 209 219 220 
209 210 220 221 
210 211 221 222 
212 213 223 224 
213 214 224 225 
214 215 225 226 
215 216 226 227 
216 217 227 228 
217 218 228 229 
218 219 229 230 
219 220 230 231 
220 221 231 232 
221 222 232 233 
223 224 234 235 
224 225 235 236 
225 226 236 237 
226 227 237 238 
227 228 238 239 
228 229 239 240 
229 230 240 241 
230 231 241 242 
231 232 242 243 
232 233 243 244 
234 235 245 246 
235 236 246 247 
236 237 247 248 
237 238 248 249 
238 239 249 250 
239 240 250 251 
240 241 251 252 
241 242 252 253 
242 243 253 254 
243 244 254 255 
245 246 256 257 
246 247 257 258 
247 248 258 259 
248 249 259 260 
249 250 260 261 
250 251 261 262 
251 252 262 263 
252 253 263 265 
253 254 265 268 297 
254 255 297 298 302 
256 257 341 343 
257 258 343 345 
258 259 345 347 
259 260 347 349 
260 261 349 351 
261 262 351 353 
262 263 353 355 
263 264 265 355 369 
266 301 401 
266 267 401 
267 358 401 
266 270 301 305 
266 267 270 271 
267 271 358 362 
270 274 277 305 309 
270 271 274 275 278 
271 275 279 362 366 
277 281 309 317 
274 277 278 281 282 
275 278 279 282 283 
279 283 366 373 
281 286 317 322 
281 282 286 287 
282 283 287 288 
283 288 373 378 
286 291 322 327 
286 287 291 292 
287 288 292 293 
288 293 378 383 
291 296 327 332 
291 292 295 296 
292 293 294 295 
293 294 383 388 
290 296 332 337 
289 290 295 296 
285 289 294 295 
285 294 388 393 
284 290 333 337 
280 284 289 290 
276 280 285 289 
276 285 393 398 
273 284 313 333 
272 273 280 284 
269 272 276 280 
269 276 392 398 
268 273 297 313 
265 268 272 273 
264 265 269 272 
264 269 369 392 
299 401 405 
299 300 401 
300 301 401 
299 303 405 409 
299 300 303 304 
300 301 304 305 
303 307 310 409 413 
303 304 307 308 311 
304 305 308 309 312 
310 314 413 421 
307 310 311 314 315 
308 311 312 315 316 
309 312 316 317 
314 319 421 426 
314 315 319 320 
315 316 320 321 
316 317 321 322 
319 324 426 431 
319 320 324 325 
320 321 325 326 
321 322 326 327 
324 329 431 436 
324 325 329 330 
325 326 330 331 
326 327 331 332 
329 334 436 441 
329 330 334 335 
330 331 335 336 
331 332 336 337 
334 339 441 446 
334 335 339 340 
335 336 338 340 
333 336 337 338 
328 339 446 451 
323 328 339 340 
318 323 338 340 
313 318 333 338 
306 328 451 456 
302 306 323 328 
298 302 318 323 
297 298 313 318 
341 342 343 344 
343 344 345 346 
345 346 347 348 
347 348 349 350 
349 350 351 352 
351 352 353 354 
353 354 355 356 
355 356 361 365 369 
358 359 401 
359 360 401 
360 401 402 
358 359 362 363 
359 360 363 364 
360 364 402 406 
362 363 366 367 370 
363 364 367 368 371 
364 368 372 406 410 
366 370 373 374 
367 370 371 374 375 
368 371 372 375 376 
372 376 410 417 
373 374 378 379 
374 375 379 380 
375 376 380 381 
376 381 417 422 
378 379 383 384 
379 380 384 385 
380 381 385 386 
381 386 422 427 
383 384 388 389 
384 385 389 390 
385 386 390 391 
386 391 427 432 
388 389 393 394 
389 390 394 395 
390 391 395 396 
391 396 432 437 
393 394 398 399 
394 395 399 400 
395 396 397 400 
396 397 437 442 
387 392 398 399 
382 387 399 400 
377 382 397 400 
377 397 442 447 
365 369 387 392 
361 365 382 387 
357 361 377 382 
357 377 447 452 
401 402 403 
401 403 404 
401 404 405 
402 403 406 407 
403 404 407 408 
404 405 408 409 
406 407 410 411 414 
407 408 411 412 415 
408 409 412 413 416 
410 414 417 418 
411 414 415 418 419 
412 415 416 419 420 
413 416 420 421 
417 418 422 423 
418 419 423 424 
419 420 424 425 
420 421 425 426 
422 423 427 428 
423 424 428 429 
424 425 429 430 
425 426 430 431 
427 428 432 433 
428 429 433 434 
429 430 434 435 
430 431 435 436 
432 433 437 438 
433 434 438 439 
434 435 439 440 
435 436 440 441 
437 438 442 443 
438 439 443 444 
439 440 444 445 
440 441 445 446 
442 443 447 448 
443 444 448 449 
444 445 449 450 
445 446 450 451 
447 448 452 453 
448 449 453 454 
449 450 454 455 
450 451 455 456 
