7.023000e-03
6.583900e-03
6.733000e-03
6.731000e-03
6.885500e-03
6.617000e-03
6.655100e-03
6.764700e-03
6.785200e-03
6.473700e-03
7.804000e-03
7.248300e-03
7.250400e-03
7.385300e-03
7.241700e-03
7.128400e-03
7.516600e-03
7.595400e-03
7.143300e-03
7.378100e-03
7.814000e-03
7.422000e-03
7.611600e-03
7.824700e-03
7.846100e-03
7.842000e-03
7.462600e-03
7.757800e-03
7.562800e-03
7.811200e-03
9.624200e-03
9.335500e-03
9.351700e-03
9.273400e-03
9.361900e-03
9.386300e-03
9.326000e-03
9.391200e-03
9.395500e-03
9.758700e-03
1.214480e-02
1.210420e-02
1.205050e-02
1.209770e-02
1.209480e-02
1.291230e-02
1.222050e-02
1.595630e-02
1.197330e-02
1.226850e-02
1.561940e-02
1.532370e-02
1.555700e-02
1.586530e-02
1.552630e-02
1.556510e-02
1.566780e-02
1.565080e-02
1.554900e-02
1.569240e-02
1.670820e-02
1.663520e-02
1.672020e-02
1.645760e-02
1.681720e-02
1.650360e-02
1.664330e-02
1.668680e-02
1.797010e-02
1.658160e-02
