8.700400e-03
7.945200e-03
1.081090e-02
8.287300e-03
8.489600e-03
8.275800e-03
8.171900e-03
8.223800e-03
8.285400e-03
8.102400e-03
7.652400e-03
6.922000e-03
7.278200e-03
7.810800e-03
7.347300e-03
7.933100e-03
7.642800e-03
7.138700e-03
7.188300e-03
7.389500e-03
7.188900e-03
6.723400e-03
7.606700e-03
6.710000e-03
6.469300e-03
6.465200e-03
7.492700e-03
6.835900e-03
6.817200e-03
6.639600e-03
1.390690e-02
3.443750e-02
1.012090e-02
3.254000e-02
9.952700e-03
9.986800e-03
1.047870e-02
1.004920e-02
9.898400e-03
9.926700e-03
9.355000e-03
9.352000e-03
8.764600e-03
8.361500e-03
8.070000e-03
8.027000e-03
7.937000e-03
8.080400e-03
8.030800e-03
8.344800e-03
1.053100e-02
9.929700e-03
1.055700e-02
1.110580e-02
1.016510e-02
1.005000e-02
1.204770e-02
1.166910e-02
1.280800e-02
1.024390e-02
1.574920e-02
1.253960e-02
1.745140e-02
1.462010e-02
1.676400e-02
1.509470e-02
1.303470e-02
1.539790e-02
1.254280e-02
1.393620e-02
1.700390e-02
1.524410e-02
1.505510e-02
1.464770e-02
1.462720e-02
1.463100e-02
1.517990e-02
1.468230e-02
2.044810e-02
1.559100e-02
