8.016000e-03
7.872000e-03
8.145800e-03
7.991700e-03
7.987900e-03
7.940000e-03
7.970200e-03
8.429400e-03
9.224500e-03
8.012700e-03
8.396300e-03
8.500800e-03
8.065600e-03
7.979900e-03
8.015400e-03
8.013800e-03
8.145100e-03
8.509900e-03
8.213700e-03
8.199600e-03
9.007100e-03
8.696400e-03
9.110600e-03
9.022500e-03
9.065400e-03
8.974800e-03
8.779600e-03
9.010700e-03
8.812100e-03
9.754200e-03
1.115000e-02
1.015600e-02
1.002330e-02
1.004690e-02
9.957600e-03
1.028820e-02
1.041160e-02
1.103140e-02
1.036210e-02
9.997800e-03
1.123590e-02
1.055600e-02
1.042130e-02
1.071320e-02
1.091810e-02
1.070400e-02
1.068920e-02
1.068470e-02
1.067510e-02
1.049990e-02
1.222660e-02
1.171670e-02
1.140640e-02
1.139050e-02
1.165600e-02
1.389130e-02
1.137290e-02
1.160860e-02
1.152040e-02
1.154830e-02
1.332170e-02
1.265850e-02
1.243760e-02
1.224120e-02
1.200190e-02
1.254710e-02
1.208650e-02
1.229370e-02
1.225190e-02
1.262020e-02
1.461430e-02
1.287440e-02
1.419240e-02
1.278040e-02
1.283180e-02
1.283630e-02
1.293680e-02
1.440740e-02
1.269780e-02
1.290510e-02
1.555150e-02
1.351620e-02
1.359120e-02
1.341790e-02
1.491400e-02
1.371450e-02
1.367900e-02
1.394020e-02
1.345390e-02
1.364580e-02
