0 0
0 3.37
0 6.74
0 10.4
0 14.06
0 19.1775
0 24.295
0 25.2215
0 26.148
0 28.688
0 31.228
0 34.528
0 37.828
0 40.368
0 42.908
0 43.8345
0 44.761
0 45.6875
0 46.614
0 49.154
0 51.694
0 54.994
3.5 0
3.5 3.37
3.5 6.74
3.5 10.4
3.5 14.06
3.5 19.1775
3.5 24.295
3.5 25.2215
3.5 26.148
3.5 28.688
3.5 31.228
3.5 34.528
3.5 37.828
3.5 40.368
3.5 42.908
3.5 43.8345
3.5 44.761
3.5 45.6875
3.5 46.614
3.5 49.154
3.5 51.694
3.5 54.994
7 0
7 3.37
7 6.74
7 10.4
7 14.06
7 19.1775
7 24.295
7 25.2215
7 26.148
7 28.688
7 31.228
7 34.528
7 37.828
7 40.368
7 42.908
7 43.8345
7 44.761
7 45.6875
7 46.614
7 48.394
7 49.154
7 49.914
7 51.694
7 54.994
10.81 0
10.81 3.37
10.81 6.74
10.81 10.4
10.81 14.06
10.81 19.1775
10.81 24.295
10.81 25.2215
10.81 26.148
10.81 28.688
10.81 31.228
10.81 34.528
10.81 37.828
10.81 40.368
10.81 42.908
10.81 43.8345
10.81 44.761
10.81 45.6875
10.81 46.614
10.81 48.394
10.81 49.154
10.81 49.914
10.81 51.694
10.81 54.994
14.62 0
14.62 3.37
14.62 6.74
14.62 10.4
14.62 14.06
14.62 19.1775
14.62 24.295
14.62 25.2215
14.62 26.148
14.62 28.688
14.62 31.228
14.62 34.528
14.62 37.828
14.62 40.368
14.62 42.908
14.62 43.8345
14.62 44.761
14.62 45.6875
14.62 46.614
14.62 48.394
14.62 49.154
14.62 49.914
14.62 51.694
14.62 52.8995
14.62 54.105
14.62 54.1685
14.62 54.232
14.62 54.2955
14.62 54.359
14.62 54.4225
14.62 54.486
14.62 54.5495
14.62 54.613
14.62 54.6765
14.62 54.74
14.62 54.8035
14.62 54.867
14.62 54.9305
14.62 54.994
16.1565 51.694
16.1565 52.8995
16.1565 54.105
16.1565 54.1685
16.1565 54.232
16.1565 54.2955
16.1565 54.359
16.1565 54.4225
16.1565 54.486
16.1565 54.5495
16.1565 54.613
16.1565 54.6765
16.1565 54.74
16.1565 54.8035
16.1565 54.867
16.1565 54.9305
16.1565 54.994
17.16 0
17.16 3.37
17.16 6.74
17.16 10.4
17.16 14.06
17.16 19.1775
17.16 24.295
17.16 25.2215
17.16 26.148
17.16 28.688
17.16 31.228
17.16 34.528
17.16 37.828
17.16 40.368
17.16 42.908
17.16 43.8345
17.16 44.761
17.16 45.6875
17.16 46.614
17.16 48.394
17.16 49.154
17.16 49.914
17.16 51.694
17.16 52.8995
17.16 54.105
17.16 54.1685
17.16 54.232
17.16 54.2955
17.16 54.359
17.16 54.4225
17.16 54.486
17.16 54.5495
17.16 54.613
17.16 54.6765
17.16 54.74
17.16 54.8035
17.16 54.867
17.16 54.9305
17.16 54.994
18.1635 51.694
18.1635 52.8995
18.1635 54.105
18.1635 54.1685
18.1635 54.232
18.1635 54.2955
18.1635 54.359
18.1635 54.4225
18.1635 54.486
18.1635 54.5495
18.1635 54.613
18.1635 54.6765
18.1635 54.74
18.1635 54.8035
18.1635 54.867
18.1635 54.9305
18.1635 54.994
19.7 0
19.7 3.37
19.7 6.74
19.7 10.4
19.7 14.06
19.7 19.1775
19.7 24.295
19.7 25.2215
19.7 26.148
19.7 28.688
19.7 31.228
19.7 34.528
19.7 37.828
19.7 40.368
19.7 42.908
19.7 43.8345
19.7 44.761
19.7 45.6875
19.7 46.614
19.7 48.394
19.7 49.154
19.7 49.914
19.7 51.694
19.7 54.994
19.7 54.9305
19.7 54.867
19.7 52.8995
19.7 54.105
19.7 54.1685
19.7 54.232
19.7 54.2955
19.7 54.359
19.7 54.4225
19.7 54.486
19.7 54.5495
19.7 54.613
19.7 54.6765
19.7 54.74
19.7 54.8035
23.51 0
23.51 3.37
23.51 6.74
23.51 10.4
23.51 14.06
23.51 19.1775
23.51 24.295
23.51 25.2215
23.51 26.148
23.51 28.688
23.51 31.228
23.51 34.528
23.51 37.828
23.51 40.368
23.51 42.908
23.51 43.8345
23.51 44.761
23.51 45.6875
23.51 46.614
23.51 48.394
23.51 49.154
23.51 49.914
23.51 51.694
23.51 54.994
27.32 0
27.32 3.37
27.32 6.74
27.32 10.4
27.32 14.06
27.32 19.1775
27.32 24.295
27.32 25.2215
27.32 26.148
27.32 28.688
27.32 31.228
27.32 34.528
27.32 37.828
27.32 40.368
27.32 42.908
27.32 43.8345
27.32 44.761
27.32 45.6875
27.32 46.614
27.32 48.394
27.32 49.154
27.32 49.914
27.32 51.694
27.32 54.994
30.5 0
30.5 3.37
30.5 6.74
30.5 10.4
30.5 14.06
30.5 19.1775
30.5 24.295
30.5 25.2215
30.5 26.148
30.5 28.688
30.5 31.228
30.5 34.528
30.5 37.828
30.5 40.368
30.5 42.908
30.5 43.8345
30.5 44.761
30.5 45.6875
30.5 46.614
30.5 49.154
30.5 51.694
30.5 54.994
33.68 0
33.68 3.37
33.68 6.74
33.68 10.4
33.68 14.06
33.68 19.1775
33.68 24.295
33.68 25.2215
33.68 26.148
33.68 28.688
33.68 31.228
33.68 34.528
33.68 37.828
33.68 40.368
33.68 42.908
33.68 43.8345
33.68 44.761
33.68 45.6875
33.68 46.614
33.68 49.154
33.68 51.694
33.68 54.994
36.22 0
36.22 3.37
36.22 6.74
36.22 10.4
36.22 14.06
36.22 19.1775
36.22 24.295
36.22 25.2215
36.22 26.148
36.22 28.688
36.22 31.228
36.22 34.528
36.22 37.828
36.22 40.368
36.22 42.908
36.22 43.8345
36.22 44.761
36.22 45.6875
36.22 46.614
36.22 49.154
36.22 51.694
36.22 54.994
38.76 0
38.76 3.37
38.76 6.74
38.76 10.4
38.76 14.06
38.76 19.1775
38.76 24.295
38.76 25.2215
38.76 26.148
38.76 28.688
38.76 31.228
38.76 34.528
38.76 37.828
38.76 40.368
38.76 42.908
38.76 43.8345
38.76 44.761
38.76 45.6875
38.76 46.614
38.76 49.154
38.76 51.694
38.76 54.994
42.06 0
42.06 3.37
42.06 6.74
42.06 10.4
42.06 14.06
42.06 19.1775
42.06 24.295
42.06 25.2215
42.06 26.148
42.06 28.688
42.06 31.228
42.06 34.528
42.06 37.828
42.06 40.368
42.06 42.908
42.06 43.8345
42.06 44.761
42.06 45.6875
42.06 46.614
42.06 49.154
42.06 51.694
42.06 54.994
45.36 0
45.36 3.37
45.36 6.74
45.36 10.4
45.36 14.06
45.36 19.1775
45.36 24.295
45.36 25.2215
45.36 26.148
45.36 28.688
45.36 31.228
45.36 34.528
45.36 37.828
45.36 40.368
45.36 42.908
45.36 43.8345
45.36 44.761
45.36 45.6875
45.36 46.614
45.36 49.154
45.36 51.694
45.36 54.994
47.9 0
47.9 3.37
47.9 6.74
47.9 10.4
47.9 14.06
47.9 19.1775
47.9 24.295
47.9 25.2215
47.9 26.148
47.9 28.688
47.9 31.228
47.9 34.528
47.9 37.828
47.9 40.368
47.9 42.908
47.9 43.8345
47.9 44.761
47.9 45.6875
47.9 46.614
47.9 49.154
47.9 51.694
47.9 54.994
50.44 0
50.44 3.37
50.44 6.74
50.44 10.4
50.44 14.06
50.44 19.1775
50.44 24.295
50.44 25.2215
50.44 26.148
50.44 28.688
50.44 31.228
50.44 34.528
50.44 37.828
50.44 40.368
50.44 42.908
50.44 43.8345
50.44 44.761
50.44 45.6875
50.44 46.614
50.44 49.154
50.44 51.694
50.44 54.994
52.98 0
52.98 3.37
52.98 6.74
52.98 10.4
52.98 14.06
52.98 19.1775
52.98 24.295
52.98 25.2215
52.98 26.148
52.98 28.688
52.98 31.228
52.98 34.528
52.98 37.828
52.98 40.368
52.98 42.908
52.98 43.8345
52.98 44.761
52.98 45.6875
52.98 46.614
52.98 49.154
52.98 51.694
52.98 54.994
55.52 0
55.52 3.37
55.52 6.74
55.52 10.4
55.52 14.06
55.52 19.1775
55.52 24.295
55.52 25.2215
55.52 26.148
55.52 28.688
55.52 31.228
55.52 34.528
55.52 37.828
55.52 40.368
55.52 42.908
55.52 43.8345
55.52 44.761
55.52 45.6875
55.52 46.614
55.52 49.154
55.52 51.694
55.52 54.994
58.82 0
58.82 3.37
58.82 6.74
58.82 10.4
58.82 14.06
58.82 19.1775
58.82 24.295
58.82 25.2215
58.82 26.148
58.82 28.688
58.82 31.228
58.82 34.528
58.82 37.828
58.82 40.368
58.82 42.908
58.82 43.8345
58.82 44.761
58.82 45.6875
58.82 46.614
58.82 49.154
58.82 51.694
58.82 54.994
62.12 0
62.12 3.37
62.12 6.74
62.12 10.4
62.12 14.06
62.12 19.1775
62.12 24.295
62.12 25.2215
62.12 26.148
62.12 28.688
62.12 31.228
62.12 34.528
62.12 37.828
62.12 40.368
62.12 42.908
62.12 43.8345
62.12 44.761
62.12 45.6875
62.12 46.614
62.12 49.154
62.12 51.694
62.12 54.994
64.66 0
64.66 3.37
64.66 6.74
64.66 10.4
64.66 14.06
64.66 19.1775
64.66 24.295
64.66 25.2215
64.66 26.148
64.66 28.688
64.66 31.228
64.66 34.528
64.66 37.828
64.66 40.368
64.66 42.908
64.66 43.8345
64.66 44.761
64.66 45.6875
64.66 46.614
64.66 49.154
64.66 51.694
64.66 54.994
67.2 0
67.2 3.37
67.2 6.74
67.2 10.4
67.2 14.06
67.2 19.1775
67.2 24.295
67.2 25.2215
67.2 26.148
67.2 28.688
67.2 31.228
67.2 34.528
67.2 37.828
67.2 40.368
67.2 42.908
67.2 43.8345
67.2 44.761
67.2 45.6875
67.2 46.614
67.2 46.8257
67.2 47.0373
67.2 47.249
67.2 47.4607
67.2 47.6723
67.2 47.884
67.2 48.0957
67.2 48.3073
67.2 48.519
67.2 48.7307
67.2 48.9423
69.5283 48.9423
67.4117 46.614
67.4117 46.8257
67.4117 47.0373
67.4117 47.249
67.4117 47.4607
67.4117 47.6723
67.4117 47.884
67.4117 48.0957
67.4117 48.3073
67.4117 48.519
67.4117 48.7307
67.4117 48.9423
69.5283 48.7307
67.6233 46.614
67.6233 46.8257
67.6233 47.0373
67.6233 47.249
67.6233 47.4607
67.6233 47.6723
67.6233 47.884
67.6233 48.0957
67.6233 48.3073
67.6233 48.519
67.6233 48.7307
67.6233 48.9423
69.5283 48.519
67.835 46.614
67.835 46.8257
67.835 47.0373
67.835 47.249
67.835 47.4607
67.835 47.6723
67.835 47.884
67.835 48.0957
67.835 48.3073
67.835 48.519
67.835 48.7307
67.835 48.9423
69.5283 48.3073
68.0467 46.614
68.0467 46.8257
68.0467 47.0373
68.0467 47.249
68.0467 47.4607
68.0467 47.6723
68.0467 47.884
68.0467 48.0957
68.0467 48.3073
68.0467 48.519
68.0467 48.7307
68.0467 48.9423
69.5283 48.0957
68.2583 46.614
68.2583 46.8257
68.2583 47.0373
68.2583 47.249
68.2583 47.4607
68.2583 47.6723
68.2583 47.884
68.2583 48.0957
68.2583 48.3073
68.2583 48.519
68.2583 48.7307
68.2583 48.9423
69.5283 47.884
68.47 46.614
68.47 46.8257
68.47 47.0373
68.47 47.249
68.47 47.4607
68.47 47.6723
68.47 47.884
68.47 48.0957
68.47 48.3073
68.47 48.519
68.47 48.7307
68.47 48.9423
69.5283 47.6723
68.6817 46.614
68.6817 46.8257
68.6817 47.0373
68.6817 47.249
68.6817 47.4607
68.6817 47.6723
68.6817 47.884
68.6817 48.0957
68.6817 48.3073
68.6817 48.519
68.6817 48.7307
68.6817 48.9423
69.5283 47.4607
68.8933 46.614
68.8933 46.8257
68.8933 47.0373
68.8933 47.249
68.8933 47.4607
68.8933 47.6723
68.8933 47.884
68.8933 48.0957
68.8933 48.3073
68.8933 48.519
68.8933 48.7307
68.8933 48.9423
69.5283 47.249
69.105 46.614
69.105 46.8257
69.105 47.0373
69.105 47.249
69.105 47.4607
69.105 47.6723
69.105 47.884
69.105 48.0957
69.105 48.3073
69.105 48.519
69.105 48.7307
69.105 48.9423
69.5283 47.0373
69.3167 46.614
69.3167 46.8257
69.3167 47.0373
69.3167 47.249
69.3167 47.4607
69.3167 47.6723
69.3167 47.884
69.3167 48.0957
69.3167 48.3073
69.3167 48.519
69.3167 48.7307
69.3167 48.9423
69.5283 46.8257
69.5283 46.614
67.2 49.154
67.2 49.7507
67.2 50.3473
67.2 50.944
67.2 51.0273
67.2 51.1106
67.2 51.194
67.2 51.277
67.2 51.361
67.2 51.444
67.2 51.5273
67.2 51.611
69.5283 51.611
67.4117 49.154
67.4117 49.7507
67.4117 50.3473
67.4117 50.944
67.4117 51.0273
67.4117 51.1106
67.4117 51.194
67.4117 51.277
67.4117 51.361
67.4117 51.444
67.4117 51.5273
67.4117 51.611
69.5283 51.5273
67.6233 49.154
67.6233 49.7507
67.6233 50.3473
67.6233 50.944
67.6233 51.0273
67.6233 51.1106
67.6233 51.194
67.6233 51.277
67.6233 51.361
67.6233 51.444
67.6233 51.5273
67.6233 51.611
69.5283 51.444
67.835 49.154
67.835 49.7507
67.835 50.3473
67.835 50.944
67.835 51.0273
67.835 51.1106
67.835 51.194
67.835 51.277
67.835 51.361
67.835 51.444
67.835 51.5273
67.835 51.611
69.5283 51.361
68.0467 49.154
68.0467 49.7507
68.0467 50.3473
68.0467 50.944
68.0467 51.0273
68.0467 51.1106
68.0467 51.194
68.0467 51.277
68.0467 51.361
68.0467 51.444
68.0467 51.5273
68.0467 51.611
69.5283 51.277
68.2583 49.154
68.2583 49.7507
68.2583 50.3473
68.2583 50.944
68.2583 51.0273
68.2583 51.1106
68.2583 51.194
68.2583 51.277
68.2583 51.361
68.2583 51.444
68.2583 51.5273
68.2583 51.611
69.5283 51.194
68.47 49.154
68.47 49.7507
68.47 50.3473
68.47 50.944
68.47 51.0273
68.47 51.1106
68.47 51.194
68.47 51.277
68.47 51.361
68.47 51.444
68.47 51.5273
68.47 51.611
69.5283 51.1106
68.6817 49.154
68.6817 49.7507
68.6817 50.3473
68.6817 50.944
68.6817 51.0273
68.6817 51.1106
68.6817 51.194
68.6817 51.277
68.6817 51.361
68.6817 51.444
68.6817 51.5273
68.6817 51.611
69.5283 51.0273
68.8933 49.154
68.8933 49.7507
68.8933 50.3473
68.8933 50.944
68.8933 51.0273
68.8933 51.1106
68.8933 51.194
68.8933 51.277
68.8933 51.361
68.8933 51.444
68.8933 51.5273
68.8933 51.611
69.5283 50.944
69.105 49.154
69.105 49.7507
69.105 50.3473
69.105 50.944
69.105 51.0273
69.105 51.1106
69.105 51.194
69.105 51.277
69.105 51.361
69.105 51.444
69.105 51.5273
69.105 51.611
69.5283 50.3473
69.3167 49.154
69.3167 49.7507
69.3167 50.3473
69.3167 50.944
69.3167 51.0273
69.3167 51.1106
69.3167 51.194
69.3167 51.277
69.3167 51.361
69.3167 51.444
69.3167 51.5273
69.3167 51.611
69.5283 49.7507
69.5283 49.154
67.2 51.694
67.2 54.994
67.4117 51.694
67.4117 54.994
67.6233 51.694
67.6233 54.994
67.835 51.694
67.835 54.994
68.0467 51.694
68.0467 54.994
68.2583 51.694
68.2583 54.994
68.47 51.694
68.47 54.994
68.6817 51.694
68.6817 54.994
68.8933 51.694
68.8933 54.994
69.105 51.694
69.105 54.994
69.3167 51.694
69.3167 54.994
69.5283 51.694
69.5283 54.994
69.74 0
69.74 3.37
69.74 6.74
69.74 10.4
69.74 14.06
69.74 19.1775
69.74 24.295
69.74 25.2215
69.74 26.148
69.74 28.688
69.74 31.228
69.74 34.528
69.74 37.828
69.74 40.368
69.74 42.908
69.74 43.8345
69.74 44.761
69.74 45.6875
69.74 46.614
69.74 46.8257
69.74 47.0373
69.74 47.249
69.74 47.4607
69.74 47.6723
69.74 47.884
69.74 48.0957
69.74 48.3073
69.74 48.519
69.74 48.7307
69.74 48.9423
72.197 48.9423
70.3367 46.614
70.3367 46.8257
70.3367 47.0373
70.3367 47.249
70.3367 47.4607
70.3367 47.6723
70.3367 47.884
70.3367 48.0957
70.3367 48.3073
70.3367 48.519
70.3367 48.7307
70.3367 48.9423
72.197 48.7307
70.9333 46.614
70.9333 46.8257
70.9333 47.0373
70.9333 47.249
70.9333 47.4607
70.9333 47.6723
70.9333 47.884
70.9333 48.0957
70.9333 48.3073
70.9333 48.519
70.9333 48.7307
70.9333 48.9423
72.197 48.519
71.53 46.614
71.53 46.8257
71.53 47.0373
71.53 47.249
71.53 47.4607
71.53 47.6723
71.53 47.884
71.53 48.0957
71.53 48.3073
71.53 48.519
71.53 48.7307
71.53 48.9423
72.197 48.3073
71.6133 46.614
71.6133 46.8257
71.6133 47.0373
71.6133 47.249
71.6133 47.4607
71.6133 47.6723
71.6133 47.884
71.6133 48.0957
71.6133 48.3073
71.6133 48.519
71.6133 48.7307
71.6133 48.9423
72.197 48.0957
71.6966 46.614
71.6966 46.8257
71.6966 47.0373
71.6966 47.249
71.6966 47.4607
71.6966 47.6723
71.6966 47.884
71.6966 48.0957
71.6966 48.3073
71.6966 48.519
71.6966 48.7307
71.6966 48.9423
72.197 47.884
71.78 46.614
71.78 46.8257
71.78 47.0373
71.78 47.249
71.78 47.4607
71.78 47.6723
71.78 47.884
71.78 48.0957
71.78 48.3073
71.78 48.519
71.78 48.7307
71.78 48.9423
72.197 47.6723
71.863 46.614
71.863 46.8257
71.863 47.0373
71.863 47.249
71.863 47.4607
71.863 47.6723
71.863 47.884
71.863 48.0957
71.863 48.3073
71.863 48.519
71.863 48.7307
71.863 48.9423
72.197 47.4607
71.947 46.614
71.947 46.8257
71.947 47.0373
71.947 47.249
71.947 47.4607
71.947 47.6723
71.947 47.884
71.947 48.0957
71.947 48.3073
71.947 48.519
71.947 48.7307
71.947 48.9423
72.197 47.249
72.03 46.614
72.03 46.8257
72.03 47.0373
72.03 47.249
72.03 47.4607
72.03 47.6723
72.03 47.884
72.03 48.0957
72.03 48.3073
72.03 48.519
72.03 48.7307
72.03 48.9423
72.197 47.0373
72.1133 46.614
72.1133 46.8257
72.1133 47.0373
72.1133 47.249
72.1133 47.4607
72.1133 47.6723
72.1133 47.884
72.1133 48.0957
72.1133 48.3073
72.1133 48.519
72.1133 48.7307
72.1133 48.9423
72.197 46.8257
72.197 46.614
69.74 49.154
69.74 49.7507
69.74 50.3473
69.74 50.944
69.74 51.0273
69.74 51.1106
69.74 51.194
69.74 51.277
69.74 51.361
69.74 51.444
69.74 51.5273
69.74 51.611
72.197 51.611
70.3367 49.154
70.3367 49.7507
70.3367 50.3473
70.3367 50.944
70.3367 51.0273
70.3367 51.1106
70.3367 51.194
70.3367 51.277
70.3367 51.361
70.3367 51.444
70.3367 51.5273
70.3367 51.611
72.197 51.5273
70.9333 49.154
70.9333 49.7507
70.9333 50.3473
70.9333 50.944
70.9333 51.0273
70.9333 51.1106
70.9333 51.194
70.9333 51.277
70.9333 51.361
70.9333 51.444
70.9333 51.5273
70.9333 51.611
72.197 51.444
71.53 49.154
71.53 49.7507
71.53 50.3473
71.53 50.944
71.53 51.0273
71.53 51.1106
71.53 51.194
71.53 51.277
71.53 51.361
71.53 51.444
71.53 51.5273
71.53 51.611
72.197 51.361
71.6133 49.154
71.6133 49.7507
71.6133 50.3473
71.6133 50.944
71.6133 51.0273
71.6133 51.1106
71.6133 51.194
71.6133 51.277
71.6133 51.361
71.6133 51.444
71.6133 51.5273
71.6133 51.611
72.197 51.277
71.6966 49.154
71.6966 49.7507
71.6966 50.3473
71.6966 50.944
71.6966 51.0273
71.6966 51.1106
71.6966 51.194
71.6966 51.277
71.6966 51.361
71.6966 51.444
71.6966 51.5273
71.6966 51.611
72.197 51.194
71.78 49.154
71.78 49.7507
71.78 50.3473
71.78 50.944
71.78 51.0273
71.78 51.1106
71.78 51.194
71.78 51.277
71.78 51.361
71.78 51.444
71.78 51.5273
71.78 51.611
72.197 51.1106
71.863 49.154
71.863 49.7507
71.863 50.3473
71.863 50.944
71.863 51.0273
71.863 51.1106
71.863 51.194
71.863 51.277
71.863 51.361
71.863 51.444
71.863 51.5273
71.863 51.611
72.197 51.0273
71.947 49.154
71.947 49.7507
71.947 50.3473
71.947 50.944
71.947 51.0273
71.947 51.1106
71.947 51.194
71.947 51.277
71.947 51.361
71.947 51.444
71.947 51.5273
71.947 51.611
72.197 50.944
72.03 49.154
72.03 49.7507
72.03 50.3473
72.03 50.944
72.03 51.0273
72.03 51.1106
72.03 51.194
72.03 51.277
72.03 51.361
72.03 51.444
72.03 51.5273
72.03 51.611
72.197 50.3473
72.1133 49.154
72.1133 49.7507
72.1133 50.3473
72.1133 50.944
72.1133 51.0273
72.1133 51.1106
72.1133 51.194
72.1133 51.277
72.1133 51.361
72.1133 51.444
72.1133 51.5273
72.1133 51.611
72.197 49.7507
72.197 49.154
69.74 51.694
69.74 54.994
70.3367 51.694
70.3367 54.994
70.9333 51.694
70.9333 54.994
71.53 51.694
71.53 54.994
71.6133 51.694
71.6133 54.994
71.6966 51.694
71.6966 54.994
71.78 51.694
71.78 54.994
71.863 51.694
71.863 54.994
71.947 51.694
71.947 54.994
72.03 51.694
72.03 54.994
72.1133 51.694
72.1133 54.994
72.197 51.694
72.197 54.994
72.28 0
72.28 3.37
72.28 6.74
72.28 10.4
72.28 14.06
72.28 19.1775
72.28 24.295
72.28 25.2215
72.28 26.148
72.28 28.688
72.28 31.228
72.28 34.528
72.28 37.828
72.28 40.368
72.28 42.908
72.28 43.8345
72.28 44.761
72.28 45.6875
72.28 46.614
72.28 46.8257
72.28 47.0373
72.28 47.249
72.28 47.4607
72.28 47.6723
72.28 47.884
72.28 48.0957
72.28 48.3073
72.28 48.519
72.28 48.7307
72.28 48.9423
72.28 49.154
72.28 49.7507
72.28 50.3473
72.28 50.944
72.28 51.0273
72.28 51.1106
72.28 51.194
72.28 51.277
72.28 51.361
72.28 51.444
72.28 51.5273
72.28 51.611
74.2131 51.694
75.0783 54.994
72.28 51.694
75.2253 54.6393
74.9108 54.994
75.1068 54.5208
72.28 53.6271
74.8709 54.994
75.0786 54.4926
72.28 54.994
74.9249 54.7226
75.3086 54.3389
74.6146 54.994
74.6881 54.6246
74.8974 54.3114
75.2106 54.1021
74.3543 52.035
74.3897 54.994
74.4803 54.5385
74.7383 54.1523
75.1245 53.8943
72.7991 52.2131
74.1821 54.994
74.2885 54.459
74.5915 54.0055
75.045 53.7025
72.621 53.7683
73.9693 54.994
74.0919 54.3776
74.4411 53.8551
74.9636 53.5059
72.5585 54.994
73.7566 54.994
73.8954 54.2962
74.2907 53.7047
74.8822 53.3094
74.4956 52.376
73.5439 54.994
73.6989 54.2148
74.1402 53.5542
74.8008 53.1129
73.3182 52.7322
73.3311 54.994
73.5023 54.1334
73.9898 53.4038
74.7194 52.9163
72.962 53.9096
73.1154 54.994
73.303 54.0508
73.8372 53.2512
74.6368 52.717
72.8369 54.994
75.58 0
75.58 3.37
75.58 6.74
75.58 10.4
75.58 14.06
75.58 19.1775
75.58 24.295
75.58 25.2215
75.58 26.148
75.58 28.688
75.58 31.228
75.58 34.528
75.58 37.828
75.58 40.368
75.58 42.908
75.58 43.8345
75.58 44.761
75.58 45.6875
75.58 46.614
75.58 46.8257
75.58 47.0373
75.58 47.249
75.58 47.4607
75.58 47.6723
75.58 47.884
75.58 48.0957
75.58 48.3073
75.58 48.519
75.58 48.7307
75.58 48.9423
75.58 49.154
75.58 49.7507
75.58 50.3473
75.58 50.944
75.58 51.0273
75.58 51.1106
75.58 51.194
75.58 51.277
75.58 51.361
75.58 51.444
75.58 51.5273
75.58 51.611
75.58 54.994
75.58 54.4923
76.0817 54.994
75.9347 54.6393
75.58 54.3248
76.0532 54.5208
76.2492 54.994
75.58 54.2849
76.0814 54.4926
76.2891 54.994
75.8514 54.3389
76.2351 54.7226
75.58 54.0286
75.9494 54.1021
76.2626 54.3114
76.4719 54.6246
76.5454 54.994
75.58 53.8037
76.0355 53.8943
76.4217 54.1523
76.6797 54.5385
76.7703 54.994
75.58 53.5961
76.115 53.7025
76.5685 54.0055
76.8715 54.459
76.9779 54.994
75.58 53.3833
76.1964 53.5059
76.7189 53.8551
77.0681 54.3776
77.1907 54.994
75.58 53.1706
76.2778 53.3094
76.8693 53.7047
77.2646 54.2962
77.4034 54.994
75.58 52.9579
76.3592 53.1129
77.0198 53.5542
77.4611 54.2148
77.6161 54.994
75.58 52.7451
76.4406 52.9163
77.1702 53.4038
77.6577 54.1334
77.8289 54.994
75.58 52.5294
76.5232 52.717
77.3228 53.2512
77.857 54.0508
78.0446 54.994
75.58 52.2509
76.6644 52.376
77.8418 52.7322
78.198 53.9096
78.3231 54.994
75.58 51.9725
76.8057 52.035
78.3609 52.2131
78.539 53.7683
78.6015 54.994
75.58 51.694
76.9469 51.694
78.88 0
78.88 3.37
78.88 6.74
78.88 10.4
78.88 14.06
78.88 19.1775
78.88 24.295
78.88 25.2215
78.88 26.148
78.88 28.688
78.88 31.228
78.88 34.528
78.88 37.828
78.88 40.368
78.88 42.908
78.88 43.8345
78.88 44.761
78.88 45.6875
78.88 46.614
78.88 46.8257
78.88 47.0373
78.88 47.249
78.88 47.4607
78.88 47.6723
78.88 47.884
78.88 48.0957
78.88 48.3073
78.88 48.519
78.88 48.7307
78.88 48.9423
80.8233 48.9423
78.963 46.614
78.963 46.8257
78.963 47.0373
78.963 47.249
78.963 47.4607
78.963 47.6723
78.963 47.884
78.963 48.0957
78.963 48.3073
78.963 48.519
78.963 48.7307
78.963 48.9423
80.8233 48.7307
79.047 46.614
79.047 46.8257
79.047 47.0373
79.047 47.249
79.047 47.4607
79.047 47.6723
79.047 47.884
79.047 48.0957
79.047 48.3073
79.047 48.519
79.047 48.7307
79.047 48.9423
80.8233 48.519
79.13 46.614
79.13 46.8257
79.13 47.0373
79.13 47.249
79.13 47.4607
79.13 47.6723
79.13 47.884
79.13 48.0957
79.13 48.3073
79.13 48.519
79.13 48.7307
79.13 48.9423
80.8233 48.3073
79.213 46.614
79.213 46.8257
79.213 47.0373
79.213 47.249
79.213 47.4607
79.213 47.6723
79.213 47.884
79.213 48.0957
79.213 48.3073
79.213 48.519
79.213 48.7307
79.213 48.9423
80.8233 48.0957
79.297 46.614
79.297 46.8257
79.297 47.0373
79.297 47.249
79.297 47.4607
79.297 47.6723
79.297 47.884
79.297 48.0957
79.297 48.3073
79.297 48.519
79.297 48.7307
79.297 48.9423
80.8233 47.884
79.38 46.614
79.38 46.8257
79.38 47.0373
79.38 47.249
79.38 47.4607
79.38 47.6723
79.38 47.884
79.38 48.0957
79.38 48.3073
79.38 48.519
79.38 48.7307
79.38 48.9423
80.8233 47.6723
79.4633 46.614
79.4633 46.8257
79.4633 47.0373
79.4633 47.249
79.4633 47.4607
79.4633 47.6723
79.4633 47.884
79.4633 48.0957
79.4633 48.3073
79.4633 48.519
79.4633 48.7307
79.4633 48.9423
80.8233 47.4607
79.5466 46.614
79.5466 46.8257
79.5466 47.0373
79.5466 47.249
79.5466 47.4607
79.5466 47.6723
79.5466 47.884
79.5466 48.0957
79.5466 48.3073
79.5466 48.519
79.5466 48.7307
79.5466 48.9423
80.8233 47.249
79.63 46.614
79.63 46.8257
79.63 47.0373
79.63 47.249
79.63 47.4607
79.63 47.6723
79.63 47.884
79.63 48.0957
79.63 48.3073
79.63 48.519
79.63 48.7307
79.63 48.9423
80.8233 47.0373
80.2267 46.614
80.2267 46.8257
80.2267 47.0373
80.2267 47.249
80.2267 47.4607
80.2267 47.6723
80.2267 47.884
80.2267 48.0957
80.2267 48.3073
80.2267 48.519
80.2267 48.7307
80.2267 48.9423
80.8233 46.8257
80.8233 46.614
78.88 49.154
78.88 49.7507
78.88 50.3473
78.88 50.944
78.88 51.0273
78.88 51.1106
78.88 51.194
78.88 51.277
78.88 51.361
78.88 51.444
78.88 51.5273
78.88 51.611
80.8233 51.611
78.963 49.154
78.963 49.7507
78.963 50.3473
78.963 50.944
78.963 51.0273
78.963 51.1106
78.963 51.194
78.963 51.277
78.963 51.361
78.963 51.444
78.963 51.5273
78.963 51.611
80.8233 51.5273
79.047 49.154
79.047 49.7507
79.047 50.3473
79.047 50.944
79.047 51.0273
79.047 51.1106
79.047 51.194
79.047 51.277
79.047 51.361
79.047 51.444
79.047 51.5273
79.047 51.611
80.8233 51.444
79.13 49.154
79.13 49.7507
79.13 50.3473
79.13 50.944
79.13 51.0273
79.13 51.1106
79.13 51.194
79.13 51.277
79.13 51.361
79.13 51.444
79.13 51.5273
79.13 51.611
80.8233 51.361
79.213 49.154
79.213 49.7507
79.213 50.3473
79.213 50.944
79.213 51.0273
79.213 51.1106
79.213 51.194
79.213 51.277
79.213 51.361
79.213 51.444
79.213 51.5273
79.213 51.611
80.8233 51.277
79.297 49.154
79.297 49.7507
79.297 50.3473
79.297 50.944
79.297 51.0273
79.297 51.1106
79.297 51.194
79.297 51.277
79.297 51.361
79.297 51.444
79.297 51.5273
79.297 51.611
80.8233 51.194
79.38 49.154
79.38 49.7507
79.38 50.3473
79.38 50.944
79.38 51.0273
79.38 51.1106
79.38 51.194
79.38 51.277
79.38 51.361
79.38 51.444
79.38 51.5273
79.38 51.611
80.8233 51.1106
79.4633 49.154
79.4633 49.7507
79.4633 50.3473
79.4633 50.944
79.4633 51.0273
79.4633 51.1106
79.4633 51.194
79.4633 51.277
79.4633 51.361
79.4633 51.444
79.4633 51.5273
79.4633 51.611
80.8233 51.0273
79.5466 49.154
79.5466 49.7507
79.5466 50.3473
79.5466 50.944
79.5466 51.0273
79.5466 51.1106
79.5466 51.194
79.5466 51.277
79.5466 51.361
79.5466 51.444
79.5466 51.5273
79.5466 51.611
80.8233 50.944
79.63 49.154
79.63 49.7507
79.63 50.3473
79.63 50.944
79.63 51.0273
79.63 51.1106
79.63 51.194
79.63 51.277
79.63 51.361
79.63 51.444
79.63 51.5273
79.63 51.611
80.8233 50.3473
80.2267 49.154
80.2267 49.7507
80.2267 50.3473
80.2267 50.944
80.2267 51.0273
80.2267 51.1106
80.2267 51.194
80.2267 51.277
80.2267 51.361
80.2267 51.444
80.2267 51.5273
80.2267 51.611
80.8233 49.7507
80.8233 49.154
78.88 51.694
78.88 54.994
78.963 51.694
78.963 54.994
79.047 51.694
79.047 54.994
79.13 51.694
79.13 54.994
79.213 51.694
79.213 54.994
79.297 51.694
79.297 54.994
79.38 51.694
79.38 54.994
79.4633 51.694
79.4633 54.994
79.5466 51.694
79.5466 54.994
79.63 51.694
79.63 54.994
80.2267 51.694
80.2267 54.994
80.8233 51.694
80.8233 54.994
78.88 53.6271
81.42 0
81.42 3.37
81.42 6.74
81.42 10.4
81.42 14.06
81.42 19.1775
81.42 24.295
81.42 25.2215
81.42 26.148
81.42 28.688
81.42 31.228
81.42 34.528
81.42 37.828
81.42 40.368
81.42 42.908
81.42 43.8345
81.42 44.761
81.42 45.6875
81.42 46.614
81.42 46.8257
81.42 47.0373
81.42 47.249
81.42 47.4607
81.42 47.6723
81.42 47.884
81.42 48.0957
81.42 48.3073
81.42 48.519
81.42 48.7307
81.42 48.9423
83.7483 48.9423
81.6317 46.614
81.6317 46.8257
81.6317 47.0373
81.6317 47.249
81.6317 47.4607
81.6317 47.6723
81.6317 47.884
81.6317 48.0957
81.6317 48.3073
81.6317 48.519
81.6317 48.7307
81.6317 48.9423
83.7483 48.7307
81.8433 46.614
81.8433 46.8257
81.8433 47.0373
81.8433 47.249
81.8433 47.4607
81.8433 47.6723
81.8433 47.884
81.8433 48.0957
81.8433 48.3073
81.8433 48.519
81.8433 48.7307
81.8433 48.9423
83.7483 48.519
82.055 46.614
82.055 46.8257
82.055 47.0373
82.055 47.249
82.055 47.4607
82.055 47.6723
82.055 47.884
82.055 48.0957
82.055 48.3073
82.055 48.519
82.055 48.7307
82.055 48.9423
83.7483 48.3073
82.2667 46.614
82.2667 46.8257
82.2667 47.0373
82.2667 47.249
82.2667 47.4607
82.2667 47.6723
82.2667 47.884
82.2667 48.0957
82.2667 48.3073
82.2667 48.519
82.2667 48.7307
82.2667 48.9423
83.7483 48.0957
82.4783 46.614
82.4783 46.8257
82.4783 47.0373
82.4783 47.249
82.4783 47.4607
82.4783 47.6723
82.4783 47.884
82.4783 48.0957
82.4783 48.3073
82.4783 48.519
82.4783 48.7307
82.4783 48.9423
83.7483 47.884
82.69 46.614
82.69 46.8257
82.69 47.0373
82.69 47.249
82.69 47.4607
82.69 47.6723
82.69 47.884
82.69 48.0957
82.69 48.3073
82.69 48.519
82.69 48.7307
82.69 48.9423
83.7483 47.6723
82.9017 46.614
82.9017 46.8257
82.9017 47.0373
82.9017 47.249
82.9017 47.4607
82.9017 47.6723
82.9017 47.884
82.9017 48.0957
82.9017 48.3073
82.9017 48.519
82.9017 48.7307
82.9017 48.9423
83.7483 47.4607
83.1133 46.614
83.1133 46.8257
83.1133 47.0373
83.1133 47.249
83.1133 47.4607
83.1133 47.6723
83.1133 47.884
83.1133 48.0957
83.1133 48.3073
83.1133 48.519
83.1133 48.7307
83.1133 48.9423
83.7483 47.249
83.325 46.614
83.325 46.8257
83.325 47.0373
83.325 47.249
83.325 47.4607
83.325 47.6723
83.325 47.884
83.325 48.0957
83.325 48.3073
83.325 48.519
83.325 48.7307
83.325 48.9423
83.7483 47.0373
83.5367 46.614
83.5367 46.8257
83.5367 47.0373
83.5367 47.249
83.5367 47.4607
83.5367 47.6723
83.5367 47.884
83.5367 48.0957
83.5367 48.3073
83.5367 48.519
83.5367 48.7307
83.5367 48.9423
83.7483 46.8257
83.7483 46.614
81.42 49.154
81.42 49.7507
81.42 50.3473
81.42 50.944
81.42 51.0273
81.42 51.1106
81.42 51.194
81.42 51.277
81.42 51.361
81.42 51.444
81.42 51.5273
81.42 51.611
83.7483 51.611
81.6317 49.154
81.6317 49.7507
81.6317 50.3473
81.6317 50.944
81.6317 51.0273
81.6317 51.1106
81.6317 51.194
81.6317 51.277
81.6317 51.361
81.6317 51.444
81.6317 51.5273
81.6317 51.611
83.7483 51.5273
81.8433 49.154
81.8433 49.7507
81.8433 50.3473
81.8433 50.944
81.8433 51.0273
81.8433 51.1106
81.8433 51.194
81.8433 51.277
81.8433 51.361
81.8433 51.444
81.8433 51.5273
81.8433 51.611
83.7483 51.444
82.055 49.154
82.055 49.7507
82.055 50.3473
82.055 50.944
82.055 51.0273
82.055 51.1106
82.055 51.194
82.055 51.277
82.055 51.361
82.055 51.444
82.055 51.5273
82.055 51.611
83.7483 51.361
82.2667 49.154
82.2667 49.7507
82.2667 50.3473
82.2667 50.944
82.2667 51.0273
82.2667 51.1106
82.2667 51.194
82.2667 51.277
82.2667 51.361
82.2667 51.444
82.2667 51.5273
82.2667 51.611
83.7483 51.277
82.4783 49.154
82.4783 49.7507
82.4783 50.3473
82.4783 50.944
82.4783 51.0273
82.4783 51.1106
82.4783 51.194
82.4783 51.277
82.4783 51.361
82.4783 51.444
82.4783 51.5273
82.4783 51.611
83.7483 51.194
82.69 49.154
82.69 49.7507
82.69 50.3473
82.69 50.944
82.69 51.0273
82.69 51.1106
82.69 51.194
82.69 51.277
82.69 51.361
82.69 51.444
82.69 51.5273
82.69 51.611
83.7483 51.1106
82.9017 49.154
82.9017 49.7507
82.9017 50.3473
82.9017 50.944
82.9017 51.0273
82.9017 51.1106
82.9017 51.194
82.9017 51.277
82.9017 51.361
82.9017 51.444
82.9017 51.5273
82.9017 51.611
83.7483 51.0273
83.1133 49.154
83.1133 49.7507
83.1133 50.3473
83.1133 50.944
83.1133 51.0273
83.1133 51.1106
83.1133 51.194
83.1133 51.277
83.1133 51.361
83.1133 51.444
83.1133 51.5273
83.1133 51.611
83.7483 50.944
83.325 49.154
83.325 49.7507
83.325 50.3473
83.325 50.944
83.325 51.0273
83.325 51.1106
83.325 51.194
83.325 51.277
83.325 51.361
83.325 51.444
83.325 51.5273
83.325 51.611
83.7483 50.3473
83.5367 49.154
83.5367 49.7507
83.5367 50.3473
83.5367 50.944
83.5367 51.0273
83.5367 51.1106
83.5367 51.194
83.5367 51.277
83.5367 51.361
83.5367 51.444
83.5367 51.5273
83.5367 51.611
83.7483 49.7507
83.7483 49.154
81.42 51.694
81.42 54.994
81.6317 51.694
81.6317 54.994
81.8433 51.694
81.8433 54.994
82.055 51.694
82.055 54.994
82.2667 51.694
82.2667 54.994
82.4783 51.694
82.4783 54.994
82.69 51.694
82.69 54.994
82.9017 51.694
82.9017 54.994
83.1133 51.694
83.1133 54.994
83.325 51.694
83.325 54.994
83.5367 51.694
83.5367 54.994
83.7483 51.694
83.7483 54.994
83.96 0
83.96 3.37
83.96 6.74
83.96 10.4
83.96 14.06
83.96 19.1775
83.96 24.295
83.96 25.2215
83.96 26.148
83.96 28.688
83.96 31.228
83.96 34.528
83.96 37.828
83.96 40.368
83.96 42.908
83.96 43.8345
83.96 44.761
83.96 45.6875
83.96 46.614
83.96 48.9423
83.96 48.7307
83.96 48.519
83.96 46.8257
83.96 47.0373
83.96 47.249
83.96 47.4607
83.96 47.6723
83.96 47.884
83.96 48.0957
83.96 48.3073
83.96 49.154
83.96 51.611
83.96 51.5273
83.96 51.444
83.96 49.7507
83.96 50.3473
83.96 50.944
83.96 51.0273
83.96 51.1106
83.96 51.194
83.96 51.277
83.96 51.361
83.96 51.694
83.96 54.994
86.5 0
86.5 3.37
86.5 6.74
86.5 10.4
86.5 14.06
86.5 19.1775
86.5 24.295
86.5 25.2215
86.5 26.148
86.5 28.688
86.5 31.228
86.5 34.528
86.5 37.828
86.5 40.368
86.5 42.908
86.5 43.8345
86.5 44.761
86.5 45.6875
86.5 46.614
86.5 49.154
86.5 51.694
86.5 54.994
89.04 0
89.04 3.37
89.04 6.74
89.04 10.4
89.04 14.06
89.04 19.1775
89.04 24.295
89.04 25.2215
89.04 26.148
89.04 28.688
89.04 31.228
89.04 34.528
89.04 37.828
89.04 40.368
89.04 42.908
89.04 43.8345
89.04 44.761
89.04 45.6875
89.04 46.614
89.04 49.154
89.04 51.694
89.04 54.994
92.34 0
92.34 3.37
92.34 6.74
92.34 10.4
92.34 14.06
92.34 19.1775
92.34 24.295
92.34 25.2215
92.34 26.148
92.34 28.688
92.34 31.228
92.34 34.528
92.34 37.828
92.34 40.368
92.34 42.908
92.34 43.8345
92.34 44.761
92.34 45.6875
92.34 46.614
92.34 49.154
92.34 51.694
92.34 54.994
95.64 0
95.64 3.37
95.64 6.74
95.64 10.4
95.64 14.06
95.64 19.1775
95.64 24.295
95.64 25.2215
95.64 26.148
95.64 28.688
95.64 31.228
95.64 34.528
95.64 37.828
95.64 40.368
95.64 42.908
95.64 43.8345
95.64 44.761
95.64 45.6875
95.64 46.614
95.64 49.154
95.64 51.694
95.64 54.994
98.18 0
98.18 3.37
98.18 6.74
98.18 10.4
98.18 14.06
98.18 19.1775
98.18 24.295
98.18 25.2215
98.18 26.148
98.18 28.688
98.18 31.228
98.18 34.528
98.18 37.828
98.18 40.368
98.18 42.908
98.18 43.8345
98.18 44.761
98.18 45.6875
98.18 46.614
98.18 49.154
98.18 51.694
98.18 54.994
100.72 0
100.72 3.37
100.72 6.74
100.72 10.4
100.72 14.06
100.72 19.1775
100.72 24.295
100.72 25.2215
100.72 26.148
100.72 28.688
100.72 31.228
100.72 34.528
100.72 37.828
100.72 40.368
100.72 42.908
100.72 43.8345
100.72 44.761
100.72 45.6875
100.72 46.614
100.72 49.154
100.72 51.694
100.72 54.994
103.26 0
103.26 3.37
103.26 6.74
103.26 10.4
103.26 14.06
103.26 19.1775
103.26 24.295
103.26 25.2215
103.26 26.148
103.26 28.688
103.26 31.228
103.26 34.528
103.26 37.828
103.26 40.368
103.26 42.908
103.26 43.8345
103.26 44.761
103.26 45.6875
103.26 46.614
103.26 49.154
103.26 51.694
103.26 54.994
105.8 0
105.8 3.37
105.8 6.74
105.8 10.4
105.8 14.06
105.8 19.1775
105.8 24.295
105.8 25.2215
105.8 26.148
105.8 28.688
105.8 31.228
105.8 34.528
105.8 37.828
105.8 40.368
105.8 42.908
105.8 43.8345
105.8 44.761
105.8 45.6875
105.8 46.614
105.8 49.154
105.8 51.694
105.8 54.994
109.1 0
109.1 3.37
109.1 6.74
109.1 10.4
109.1 14.06
109.1 19.1775
109.1 24.295
109.1 25.2215
109.1 26.148
109.1 28.688
109.1 31.228
109.1 34.528
109.1 37.828
109.1 40.368
109.1 42.908
109.1 43.8345
109.1 44.761
109.1 45.6875
109.1 46.614
109.1 49.154
109.1 51.694
109.1 54.994
112.4 0
112.4 3.37
112.4 6.74
112.4 10.4
112.4 14.06
112.4 19.1775
112.4 24.295
112.4 25.2215
112.4 26.148
112.4 28.688
112.4 31.228
112.4 34.528
112.4 37.828
112.4 40.368
112.4 42.908
112.4 43.8345
112.4 44.761
112.4 45.6875
112.4 46.614
112.4 49.154
112.4 51.694
112.4 54.994
114.94 0
114.94 3.37
114.94 6.74
114.94 10.4
114.94 14.06
114.94 19.1775
114.94 24.295
114.94 25.2215
114.94 26.148
114.94 28.688
114.94 31.228
114.94 34.528
114.94 37.828
114.94 40.368
114.94 42.908
114.94 43.8345
114.94 44.761
114.94 45.6875
114.94 46.614
114.94 49.154
114.94 51.694
114.94 54.994
117.48 0
117.48 3.37
117.48 6.74
117.48 10.4
117.48 14.06
117.48 19.1775
117.48 24.295
117.48 25.2215
117.48 26.148
117.48 28.688
117.48 31.228
117.48 34.528
117.48 37.828
117.48 40.368
117.48 42.908
117.48 43.8345
117.48 44.761
117.48 45.6875
117.48 46.614
117.48 49.154
117.48 51.694
117.48 54.994
120.66 0
120.66 3.37
120.66 6.74
120.66 10.4
120.66 14.06
120.66 19.1775
120.66 24.295
120.66 25.2215
120.66 26.148
120.66 28.688
120.66 31.228
120.66 34.528
120.66 37.828
120.66 40.368
120.66 42.908
120.66 43.8345
120.66 44.761
120.66 45.6875
120.66 46.614
120.66 49.154
120.66 51.694
120.66 54.994
123.84 0
123.84 3.37
123.84 6.74
123.84 10.4
123.84 14.06
123.84 19.1775
123.84 24.295
123.84 25.2215
123.84 26.148
123.84 28.688
123.84 31.228
123.84 34.528
123.84 37.828
123.84 40.368
123.84 42.908
123.84 43.8345
123.84 44.761
123.84 45.6875
123.84 46.614
123.84 49.154
123.84 51.694
123.84 54.994
127.36 0
127.36 3.37
127.36 6.74
127.36 10.4
127.36 14.06
127.36 19.1775
127.36 24.295
127.36 25.2215
127.36 26.148
127.36 28.688
127.36 31.228
127.36 34.528
127.36 37.828
127.36 40.368
127.36 42.908
127.36 43.8345
127.36 44.761
127.36 45.6875
127.36 46.614
127.36 49.154
127.36 51.694
127.36 54.994
130.88 0
130.88 3.37
130.88 6.74
130.88 10.4
130.88 14.06
130.88 19.1775
130.88 24.295
130.88 25.2215
130.88 26.148
130.88 28.688
130.88 31.228
130.88 34.528
130.88 37.828
130.88 40.368
130.88 42.908
130.88 43.8345
130.88 44.761
130.88 45.6875
130.88 46.614
130.88 49.154
130.88 51.694
130.88 54.994
134.4 0
134.4 3.37
134.4 6.74
134.4 10.4
134.4 14.06
134.4 19.1775
134.4 24.295
134.4 25.2215
134.4 26.148
134.4 28.688
134.4 31.228
134.4 34.528
134.4 37.828
134.4 40.368
134.4 42.908
134.4 43.8345
134.4 44.761
134.4 45.6875
134.4 46.614
134.4 49.154
134.4 51.694
134.4 54.994
137.92 0
137.92 3.37
137.92 6.74
137.92 10.4
137.92 14.06
137.92 19.1775
137.92 24.295
137.92 25.2215
137.92 26.148
137.92 28.688
137.92 31.228
137.92 34.528
137.92 37.828
137.92 40.368
137.92 42.908
137.92 43.8345
137.92 44.761
137.92 45.6875
137.92 46.614
137.92 49.154
137.92 51.694
137.92 54.994
141.44 0
141.44 3.37
141.44 6.74
141.44 10.4
141.44 14.06
141.44 19.1775
141.44 24.295
141.44 25.2215
141.44 26.148
141.44 28.688
141.44 31.228
141.44 34.528
141.44 37.828
141.44 40.368
141.44 42.908
141.44 43.8345
141.44 44.761
141.44 45.6875
141.44 46.614
141.44 49.154
141.44 51.694
141.44 54.994
144.96 0
144.96 3.37
144.96 6.74
144.96 10.4
144.96 14.06
144.96 19.1775
144.96 24.295
144.96 25.2215
144.96 26.148
144.96 28.688
144.96 31.228
144.96 34.528
144.96 37.828
144.96 40.368
144.96 42.908
144.96 43.8345
144.96 44.761
144.96 45.6875
144.96 46.614
144.96 49.154
144.96 51.694
144.96 54.994
148.48 0
152 0
148.48 3.37
152 3.37
148.48 6.74
152 6.74
148.48 10.4
152 10.4
148.48 14.06
152 14.06
148.48 19.1775
152 19.1775
148.48 24.295
152 24.295
148.48 25.2215
152 25.2215
148.48 26.148
152 26.148
148.48 28.688
152 28.688
148.48 31.228
152 31.228
148.48 34.528
152 34.528
148.48 37.828
152 37.828
148.48 40.368
152 40.368
148.48 42.908
152 42.908
148.48 43.8345
152 43.8345
148.48 44.761
152 44.761
148.48 45.6875
152 45.6875
148.48 46.614
152 46.614
148.48 49.154
152 49.154
148.48 51.694
148.48 54.994
152 51.694
152 54.994
