0 1 22 23 
1 2 23 24 
2 3 24 25 
3 4 25 26 
4 5 26 27 
5 6 27 28 
6 7 28 29 
7 8 29 30 
8 9 30 31 
9 10 31 32 
10 11 32 33 
11 12 33 34 
12 13 34 35 
13 14 35 36 
14 15 36 37 
15 16 37 38 
16 17 38 39 
17 18 39 40 
18 19 40 41 
19 20 41 42 
20 21 42 43 
22 23 44 45 
23 24 45 46 
24 25 46 47 
25 26 47 48 
26 27 48 49 
27 28 49 50 
28 29 50 51 
29 30 51 52 
30 31 52 53 
31 32 53 54 
32 33 54 55 
33 34 55 56 
34 35 56 57 
35 36 57 58 
36 37 58 59 
37 38 59 60 
38 39 60 61 
39 40 61 62 
40 41 62 63 64 
41 42 64 65 66 
42 43 66 67 
44 45 68 69 
45 46 69 70 
46 47 70 71 
47 48 71 72 
48 49 72 73 
49 50 73 74 
50 51 74 75 
51 52 75 76 
52 53 76 77 
53 54 77 78 
54 55 78 79 
55 56 79 80 
56 57 80 81 
57 58 81 82 
58 59 82 83 
59 60 83 84 
60 61 84 85 
61 62 85 86 
62 63 86 87 
63 64 87 88 
64 65 88 89 
65 66 89 90 
66 67 90 91 
68 69 92 93 
69 70 93 94 
70 71 94 95 
71 72 95 96 
72 73 96 97 
73 74 97 98 
74 75 98 99 
75 76 99 100 
76 77 100 101 
77 78 101 102 
78 79 102 103 
79 80 103 104 
80 81 104 105 
81 82 105 106 
82 83 106 107 
83 84 107 108 
84 85 108 109 
85 86 109 110 
86 87 110 111 
87 88 111 112 
88 89 112 113 
89 90 113 114 
90 91 114 115 116 117 118 119 120 121 122 123 124 125 126 127 128 129 130 
92 93 148 149 
93 94 149 150 
94 95 150 151 
95 96 151 152 
96 97 152 153 
97 98 153 154 
98 99 154 155 
99 100 155 156 
100 101 156 157 
101 102 157 158 
102 103 158 159 
103 104 159 160 
104 105 160 161 
105 106 161 162 
106 107 162 163 
107 108 163 164 
108 109 164 165 
109 110 165 166 
110 111 166 167 
111 112 167 168 
112 113 168 169 
113 114 131 169 170 
114 115 131 132 
115 116 132 133 
116 117 133 134 
117 118 134 135 
118 119 135 136 
119 120 136 137 
120 121 137 138 
121 122 138 139 
122 123 139 140 
123 124 140 141 
124 125 141 142 
125 126 142 143 
126 127 143 144 
127 128 144 145 
128 129 145 146 
129 130 146 147 
131 132 170 171 
132 133 171 172 
133 134 172 173 
134 135 173 174 
135 136 174 175 
136 137 175 176 
137 138 176 177 
138 139 177 178 
139 140 178 179 
140 141 179 180 
141 142 180 181 
142 143 181 182 
143 144 182 183 
144 145 183 184 
145 146 184 185 
146 147 185 186 
148 149 204 205 
149 150 205 206 
150 151 206 207 
151 152 207 208 
152 153 208 209 
153 154 209 210 
154 155 210 211 
155 156 211 212 
156 157 212 213 
157 158 213 214 
158 159 214 215 
159 160 215 216 
160 161 216 217 
161 162 217 218 
162 163 218 219 
163 164 219 220 
164 165 220 221 
165 166 221 222 
166 167 222 223 
167 168 223 224 
168 169 224 225 
169 170 187 225 226 
170 171 187 188 
171 172 188 189 
172 173 189 190 
173 174 190 191 
174 175 191 192 
175 176 192 193 
176 177 193 194 
177 178 194 195 
178 179 195 196 
179 180 196 197 
180 181 197 198 
181 182 198 199 
182 183 199 200 
183 184 200 201 
184 185 201 202 
185 186 202 203 
187 188 226 230 
188 189 230 231 
189 190 231 232 
190 191 232 233 
191 192 233 234 
192 193 234 235 
193 194 235 236 
194 195 236 237 
195 196 237 238 
196 197 238 239 
197 198 239 240 
198 199 240 241 
199 200 241 242 
200 201 229 242 
201 202 228 229 
202 203 227 228 
204 205 243 244 
205 206 244 245 
206 207 245 246 
207 208 246 247 
208 209 247 248 
209 210 248 249 
210 211 249 250 
211 212 250 251 
212 213 251 252 
213 214 252 253 
214 215 253 254 
215 216 254 255 
216 217 255 256 
217 218 256 257 
218 219 257 258 
219 220 258 259 
220 221 259 260 
221 222 260 261 
222 223 261 262 
223 224 262 263 
224 225 263 264 
225 226 264 265 
226 227 228 229 230 231 232 233 234 235 236 237 238 239 240 241 242 265 266 
243 244 267 268 
244 245 268 269 
245 246 269 270 
246 247 270 271 
247 248 271 272 
248 249 272 273 
249 250 273 274 
250 251 274 275 
251 252 275 276 
252 253 276 277 
253 254 277 278 
254 255 278 279 
255 256 279 280 
256 257 280 281 
257 258 281 282 
258 259 282 283 
259 260 283 284 
260 261 284 285 
261 262 285 286 
262 263 286 287 
263 264 287 288 
264 265 288 289 
265 266 289 290 
267 268 291 292 
268 269 292 293 
269 270 293 294 
270 271 294 295 
271 272 295 296 
272 273 296 297 
273 274 297 298 
274 275 298 299 
275 276 299 300 
276 277 300 301 
277 278 301 302 
278 279 302 303 
279 280 303 304 
280 281 304 305 
281 282 305 306 
282 283 306 307 
283 284 307 308 
284 285 308 309 
285 286 287 309 310 
287 288 289 310 311 
289 290 311 312 
291 292 313 314 
292 293 314 315 
293 294 315 316 
294 295 316 317 
295 296 317 318 
296 297 318 319 
297 298 319 320 
298 299 320 321 
299 300 321 322 
300 301 322 323 
301 302 323 324 
302 303 324 325 
303 304 325 326 
304 305 326 327 
305 306 327 328 
306 307 328 329 
307 308 329 330 
308 309 330 331 
309 310 331 332 
310 311 332 333 
311 312 333 334 
313 314 335 336 
314 315 336 337 
315 316 337 338 
316 317 338 339 
317 318 339 340 
318 319 340 341 
319 320 341 342 
320 321 342 343 
321 322 343 344 
322 323 344 345 
323 324 345 346 
324 325 346 347 
325 326 347 348 
326 327 348 349 
327 328 349 350 
328 329 350 351 
329 330 351 352 
330 331 352 353 
331 332 353 354 
332 333 354 355 
333 334 355 356 
335 336 357 358 
336 337 358 359 
337 338 359 360 
338 339 360 361 
339 340 361 362 
340 341 362 363 
341 342 363 364 
342 343 364 365 
343 344 365 366 
344 345 366 367 
345 346 367 368 
346 347 368 369 
347 348 369 370 
348 349 370 371 
349 350 371 372 
350 351 372 373 
351 352 373 374 
352 353 374 375 
353 354 375 376 
354 355 376 377 
355 356 377 378 
357 358 379 380 
358 359 380 381 
359 360 381 382 
360 361 382 383 
361 362 383 384 
362 363 384 385 
363 364 385 386 
364 365 386 387 
365 366 387 388 
366 367 388 389 
367 368 389 390 
368 369 390 391 
369 370 391 392 
370 371 392 393 
371 372 393 394 
372 373 394 395 
373 374 395 396 
374 375 396 397 
375 376 397 398 
376 377 398 399 
377 378 399 400 
379 380 401 402 
380 381 402 403 
381 382 403 404 
382 383 404 405 
383 384 405 406 
384 385 406 407 
385 386 407 408 
386 387 408 409 
387 388 409 410 
388 389 410 411 
389 390 411 412 
390 391 412 413 
391 392 413 414 
392 393 414 415 
393 394 415 416 
394 395 416 417 
395 396 417 418 
396 397 418 419 
397 398 419 420 
398 399 420 421 
399 400 421 422 
401 402 423 424 
402 403 424 425 
403 404 425 426 
404 405 426 427 
405 406 427 428 
406 407 428 429 
407 408 429 430 
408 409 430 431 
409 410 431 432 
410 411 432 433 
411 412 433 434 
412 413 434 435 
413 414 435 436 
414 415 436 437 
415 416 437 438 
416 417 438 439 
417 418 439 440 
418 419 440 441 
419 420 441 442 
420 421 442 443 
421 422 443 444 
423 424 445 446 
424 425 446 447 
425 426 447 448 
426 427 448 449 
427 428 449 450 
428 429 450 451 
429 430 451 452 
430 431 452 453 
431 432 453 454 
432 433 454 455 
433 434 455 456 
434 435 456 457 
435 436 457 458 
436 437 458 459 
437 438 459 460 
438 439 460 461 
439 440 461 462 
440 441 462 463 
441 442 463 464 
442 443 464 465 
443 444 465 466 
445 446 467 468 
446 447 468 469 
447 448 469 470 
448 449 470 471 
449 450 471 472 
450 451 472 473 
451 452 473 474 
452 453 474 475 
453 454 475 476 
454 455 476 477 
455 456 477 478 
456 457 478 479 
457 458 479 480 
458 459 480 481 
459 460 481 482 
460 461 482 483 
461 462 483 484 
462 463 484 485 
463 464 485 486 
464 465 486 487 
465 466 487 488 
467 468 489 490 
468 469 490 491 
469 470 491 492 
470 471 492 493 
471 472 493 494 
472 473 494 495 
473 474 495 496 
474 475 496 497 
475 476 497 498 
476 477 498 499 
477 478 499 500 
478 479 500 501 
479 480 501 502 
480 481 502 503 
481 482 503 504 
482 483 504 505 
483 484 505 506 
484 485 506 507 
485 486 507 508 
486 487 508 509 
487 488 509 510 
489 490 511 512 
490 491 512 513 
491 492 513 514 
492 493 514 515 
493 494 515 516 
494 495 516 517 
495 496 517 518 
496 497 518 519 
497 498 519 520 
498 499 520 521 
499 500 521 522 
500 501 522 523 
501 502 523 524 
502 503 524 525 
503 504 525 526 
504 505 526 527 
505 506 527 528 
506 507 528 529 
507 508 529 530 
508 509 530 531 
509 510 531 532 
511 512 533 534 
512 513 534 535 
513 514 535 536 
514 515 536 537 
515 516 537 538 
516 517 538 539 
517 518 539 540 
518 519 540 541 
519 520 541 542 
520 521 542 543 
521 522 543 544 
522 523 544 545 
523 524 545 546 
524 525 546 547 
525 526 547 548 
526 527 548 549 
527 528 549 550 
528 529 550 551 
529 530 551 552 
530 531 552 553 
531 532 553 554 
533 534 555 556 
534 535 556 557 
535 536 557 558 
536 537 558 559 
537 538 559 560 
538 539 560 561 
539 540 561 562 
540 541 562 563 
541 542 563 564 
542 543 564 565 
543 544 565 566 
544 545 566 567 
545 546 567 568 
546 547 568 569 
547 548 569 570 
548 549 570 571 
549 550 571 572 
550 551 572 573 
551 552 573 574 
552 553 574 575 
553 554 575 576 
555 556 577 578 
556 557 578 579 
557 558 579 580 
558 559 580 581 
559 560 581 582 
560 561 582 583 
561 562 583 584 
562 563 584 585 
563 564 585 586 
564 565 586 587 
565 566 587 588 
566 567 588 589 
567 568 589 590 
568 569 590 591 
569 570 591 592 
570 571 592 593 
571 572 593 594 
572 573 594 595 
573 574 595 596 597 598 599 600 601 602 603 604 605 606 739 
574 575 739 740 741 742 743 744 745 746 747 748 749 750 883 
575 576 883 884 
577 578 907 908 
578 579 908 909 
579 580 909 910 
580 581 910 911 
581 582 911 912 
582 583 912 913 
583 584 913 914 
584 585 914 915 
585 586 915 916 
586 587 916 917 
587 588 917 918 
588 589 918 919 
589 590 919 920 
590 591 920 921 
591 592 921 922 
592 593 922 923 
593 594 923 924 
594 595 608 621 634 647 660 673 686 699 712 725 738 924 925 
595 596 608 609 
596 597 609 610 
597 598 610 611 
598 599 611 612 
599 600 612 613 
600 601 613 614 
601 602 614 615 
602 603 615 616 
603 604 616 617 
604 605 617 618 
605 606 618 619 
606 619 739 752 
608 609 621 622 
609 610 622 623 
610 611 623 624 
611 612 624 625 
612 613 625 626 
613 614 626 627 
614 615 627 628 
615 616 628 629 
616 617 629 630 
617 618 630 631 
618 619 631 632 
619 632 752 765 
621 622 634 635 
622 623 635 636 
623 624 636 637 
624 625 637 638 
625 626 638 639 
626 627 639 640 
627 628 640 641 
628 629 641 642 
629 630 642 643 
630 631 643 644 
631 632 644 645 
632 645 765 778 
634 635 647 648 
635 636 648 649 
636 637 649 650 
637 638 650 651 
638 639 651 652 
639 640 652 653 
640 641 653 654 
641 642 654 655 
642 643 655 656 
643 644 656 657 
644 645 657 658 
645 658 778 791 
647 648 660 661 
648 649 661 662 
649 650 662 663 
650 651 663 664 
651 652 664 665 
652 653 665 666 
653 654 666 667 
654 655 667 668 
655 656 668 669 
656 657 669 670 
657 658 670 671 
658 671 791 804 
660 661 673 674 
661 662 674 675 
662 663 675 676 
663 664 676 677 
664 665 677 678 
665 666 678 679 
666 667 679 680 
667 668 680 681 
668 669 681 682 
669 670 682 683 
670 671 683 684 
671 684 804 817 
673 674 686 687 
674 675 687 688 
675 676 688 689 
676 677 689 690 
677 678 690 691 
678 679 691 692 
679 680 692 693 
680 681 693 694 
681 682 694 695 
682 683 695 696 
683 684 696 697 
684 697 817 830 
686 687 699 700 
687 688 700 701 
688 689 701 702 
689 690 702 703 
690 691 703 704 
691 692 704 705 
692 693 705 706 
693 694 706 707 
694 695 707 708 
695 696 708 709 
696 697 709 710 
697 710 830 843 
699 700 712 713 
700 701 713 714 
701 702 714 715 
702 703 715 716 
703 704 716 717 
704 705 717 718 
705 706 718 719 
706 707 719 720 
707 708 720 721 
708 709 721 722 
709 710 722 723 
710 723 843 856 
712 713 725 726 
713 714 726 727 
714 715 727 728 
715 716 728 729 
716 717 729 730 
717 718 730 731 
718 719 731 732 
719 720 732 733 
720 721 733 734 
721 722 734 735 
722 723 735 736 
723 736 856 869 
725 726 737 738 
724 726 727 737 
711 724 727 728 
698 711 728 729 
685 698 729 730 
672 685 730 731 
659 672 731 732 
646 659 732 733 
633 646 733 734 
620 633 734 735 
607 620 735 736 
607 736 869 882 
737 738 925 926 
724 737 926 927 
711 724 927 928 
698 711 928 929 
685 698 929 930 
672 685 930 931 
659 672 931 932 
646 659 932 933 
633 646 933 934 
620 633 934 935 
607 620 935 936 
607 882 936 1069 
739 740 752 753 
740 741 753 754 
741 742 754 755 
742 743 755 756 
743 744 756 757 
744 745 757 758 
745 746 758 759 
746 747 759 760 
747 748 760 761 
748 749 761 762 
749 750 762 763 
750 763 883 885 
752 753 765 766 
753 754 766 767 
754 755 767 768 
755 756 768 769 
756 757 769 770 
757 758 770 771 
758 759 771 772 
759 760 772 773 
760 761 773 774 
761 762 774 775 
762 763 775 776 
763 776 885 887 
765 766 778 779 
766 767 779 780 
767 768 780 781 
768 769 781 782 
769 770 782 783 
770 771 783 784 
771 772 784 785 
772 773 785 786 
773 774 786 787 
774 775 787 788 
775 776 788 789 
776 789 887 889 
778 779 791 792 
779 780 792 793 
780 781 793 794 
781 782 794 795 
782 783 795 796 
783 784 796 797 
784 785 797 798 
785 786 798 799 
786 787 799 800 
787 788 800 801 
788 789 801 802 
789 802 889 891 
791 792 804 805 
792 793 805 806 
793 794 806 807 
794 795 807 808 
795 796 808 809 
796 797 809 810 
797 798 810 811 
798 799 811 812 
799 800 812 813 
800 801 813 814 
801 802 814 815 
802 815 891 893 
804 805 817 818 
805 806 818 819 
806 807 819 820 
807 808 820 821 
808 809 821 822 
809 810 822 823 
810 811 823 824 
811 812 824 825 
812 813 825 826 
813 814 826 827 
814 815 827 828 
815 828 893 895 
817 818 830 831 
818 819 831 832 
819 820 832 833 
820 821 833 834 
821 822 834 835 
822 823 835 836 
823 824 836 837 
824 825 837 838 
825 826 838 839 
826 827 839 840 
827 828 840 841 
828 841 895 897 
830 831 843 844 
831 832 844 845 
832 833 845 846 
833 834 846 847 
834 835 847 848 
835 836 848 849 
836 837 849 850 
837 838 850 851 
838 839 851 852 
839 840 852 853 
840 841 853 854 
841 854 897 899 
843 844 856 857 
844 845 857 858 
845 846 858 859 
846 847 859 860 
847 848 860 861 
848 849 861 862 
849 850 862 863 
850 851 863 864 
851 852 864 865 
852 853 865 866 
853 854 866 867 
854 867 899 901 
856 857 869 870 
857 858 870 871 
858 859 871 872 
859 860 872 873 
860 861 873 874 
861 862 874 875 
862 863 875 876 
863 864 876 877 
864 865 877 878 
865 866 878 879 
866 867 879 880 
867 880 901 903 
869 870 881 882 
868 870 871 881 
855 868 871 872 
842 855 872 873 
829 842 873 874 
816 829 874 875 
803 816 875 876 
790 803 876 877 
777 790 877 878 
764 777 878 879 
751 764 879 880 
751 880 903 905 
881 882 1069 1070 
868 881 1070 1071 
855 868 1071 1072 
842 855 1072 1073 
829 842 1073 1074 
816 829 1074 1075 
803 816 1075 1076 
790 803 1076 1077 
777 790 1077 1078 
764 777 1078 1079 
751 764 1079 1080 
751 905 1080 1213 
883 884 885 886 
885 886 887 888 
887 888 889 890 
889 890 891 892 
891 892 893 894 
893 894 895 896 
895 896 897 898 
897 898 899 900 
899 900 901 902 
901 902 903 904 
903 904 905 906 
905 906 1213 1214 
907 908 1237 1238 
908 909 1238 1239 
909 910 1239 1240 
910 911 1240 1241 
911 912 1241 1242 
912 913 1242 1243 
913 914 1243 1244 
914 915 1244 1245 
915 916 1245 1246 
916 917 1246 1247 
917 918 1247 1248 
918 919 1248 1249 
919 920 1249 1250 
920 921 1250 1251 
921 922 1251 1252 
922 923 1252 1253 
923 924 1253 1254 
924 925 938 951 964 977 990 1003 1016 1029 1042 1055 1068 1254 1255 
925 926 938 939 
926 927 939 940 
927 928 940 941 
928 929 941 942 
929 930 942 943 
930 931 943 944 
931 932 944 945 
932 933 945 946 
933 934 946 947 
934 935 947 948 
935 936 948 949 
936 949 1069 1082 
938 939 951 952 
939 940 952 953 
940 941 953 954 
941 942 954 955 
942 943 955 956 
943 944 956 957 
944 945 957 958 
945 946 958 959 
946 947 959 960 
947 948 960 961 
948 949 961 962 
949 962 1082 1095 
951 952 964 965 
952 953 965 966 
953 954 966 967 
954 955 967 968 
955 956 968 969 
956 957 969 970 
957 958 970 971 
958 959 971 972 
959 960 972 973 
960 961 973 974 
961 962 974 975 
962 975 1095 1108 
964 965 977 978 
965 966 978 979 
966 967 979 980 
967 968 980 981 
968 969 981 982 
969 970 982 983 
970 971 983 984 
971 972 984 985 
972 973 985 986 
973 974 986 987 
974 975 987 988 
975 988 1108 1121 
977 978 990 991 
978 979 991 992 
979 980 992 993 
980 981 993 994 
981 982 994 995 
982 983 995 996 
983 984 996 997 
984 985 997 998 
985 986 998 999 
986 987 999 1000 
987 988 1000 1001 
988 1001 1121 1134 
990 991 1003 1004 
991 992 1004 1005 
992 993 1005 1006 
993 994 1006 1007 
994 995 1007 1008 
995 996 1008 1009 
996 997 1009 1010 
997 998 1010 1011 
998 999 1011 1012 
999 1000 1012 1013 
1000 1001 1013 1014 
1001 1014 1134 1147 
1003 1004 1016 1017 
1004 1005 1017 1018 
1005 1006 1018 1019 
1006 1007 1019 1020 
1007 1008 1020 1021 
1008 1009 1021 1022 
1009 1010 1022 1023 
1010 1011 1023 1024 
1011 1012 1024 1025 
1012 1013 1025 1026 
1013 1014 1026 1027 
1014 1027 1147 1160 
1016 1017 1029 1030 
1017 1018 1030 1031 
1018 1019 1031 1032 
1019 1020 1032 1033 
1020 1021 1033 1034 
1021 1022 1034 1035 
1022 1023 1035 1036 
1023 1024 1036 1037 
1024 1025 1037 1038 
1025 1026 1038 1039 
1026 1027 1039 1040 
1027 1040 1160 1173 
1029 1030 1042 1043 
1030 1031 1043 1044 
1031 1032 1044 1045 
1032 1033 1045 1046 
1033 1034 1046 1047 
1034 1035 1047 1048 
1035 1036 1048 1049 
1036 1037 1049 1050 
1037 1038 1050 1051 
1038 1039 1051 1052 
1039 1040 1052 1053 
1040 1053 1173 1186 
1042 1043 1055 1056 
1043 1044 1056 1057 
1044 1045 1057 1058 
1045 1046 1058 1059 
1046 1047 1059 1060 
1047 1048 1060 1061 
1048 1049 1061 1062 
1049 1050 1062 1063 
1050 1051 1063 1064 
1051 1052 1064 1065 
1052 1053 1065 1066 
1053 1066 1186 1199 
1055 1056 1067 1068 
1054 1056 1057 1067 
1041 1054 1057 1058 
1028 1041 1058 1059 
1015 1028 1059 1060 
1002 1015 1060 1061 
989 1002 1061 1062 
976 989 1062 1063 
963 976 1063 1064 
950 963 1064 1065 
937 950 1065 1066 
937 1066 1199 1212 
1067 1068 1255 1256 
1054 1067 1256 1257 
1041 1054 1257 1258 
1028 1041 1258 1259 
1015 1028 1259 1260 
1002 1015 1260 1261 
989 1002 1261 1262 
976 989 1262 1263 
963 976 1263 1264 
950 963 1264 1265 
937 950 1265 1266 
937 1212 1266 1267 
1069 1070 1082 1083 
1070 1071 1083 1084 
1071 1072 1084 1085 
1072 1073 1085 1086 
1073 1074 1086 1087 
1074 1075 1087 1088 
1075 1076 1088 1089 
1076 1077 1089 1090 
1077 1078 1090 1091 
1078 1079 1091 1092 
1079 1080 1092 1093 
1080 1093 1213 1215 
1082 1083 1095 1096 
1083 1084 1096 1097 
1084 1085 1097 1098 
1085 1086 1098 1099 
1086 1087 1099 1100 
1087 1088 1100 1101 
1088 1089 1101 1102 
1089 1090 1102 1103 
1090 1091 1103 1104 
1091 1092 1104 1105 
1092 1093 1105 1106 
1093 1106 1215 1217 
1095 1096 1108 1109 
1096 1097 1109 1110 
1097 1098 1110 1111 
1098 1099 1111 1112 
1099 1100 1112 1113 
1100 1101 1113 1114 
1101 1102 1114 1115 
1102 1103 1115 1116 
1103 1104 1116 1117 
1104 1105 1117 1118 
1105 1106 1118 1119 
1106 1119 1217 1219 
1108 1109 1121 1122 
1109 1110 1122 1123 
1110 1111 1123 1124 
1111 1112 1124 1125 
1112 1113 1125 1126 
1113 1114 1126 1127 
1114 1115 1127 1128 
1115 1116 1128 1129 
1116 1117 1129 1130 
1117 1118 1130 1131 
1118 1119 1131 1132 
1119 1132 1219 1221 
1121 1122 1134 1135 
1122 1123 1135 1136 
1123 1124 1136 1137 
1124 1125 1137 1138 
1125 1126 1138 1139 
1126 1127 1139 1140 
1127 1128 1140 1141 
1128 1129 1141 1142 
1129 1130 1142 1143 
1130 1131 1143 1144 
1131 1132 1144 1145 
1132 1145 1221 1223 
1134 1135 1147 1148 
1135 1136 1148 1149 
1136 1137 1149 1150 
1137 1138 1150 1151 
1138 1139 1151 1152 
1139 1140 1152 1153 
1140 1141 1153 1154 
1141 1142 1154 1155 
1142 1143 1155 1156 
1143 1144 1156 1157 
1144 1145 1157 1158 
1145 1158 1223 1225 
1147 1148 1160 1161 
1148 1149 1161 1162 
1149 1150 1162 1163 
1150 1151 1163 1164 
1151 1152 1164 1165 
1152 1153 1165 1166 
1153 1154 1166 1167 
1154 1155 1167 1168 
1155 1156 1168 1169 
1156 1157 1169 1170 
1157 1158 1170 1171 
1158 1171 1225 1227 
1160 1161 1173 1174 
1161 1162 1174 1175 
1162 1163 1175 1176 
1163 1164 1176 1177 
1164 1165 1177 1178 
1165 1166 1178 1179 
1166 1167 1179 1180 
1167 1168 1180 1181 
1168 1169 1181 1182 
1169 1170 1182 1183 
1170 1171 1183 1184 
1171 1184 1227 1229 
1173 1174 1186 1187 
1174 1175 1187 1188 
1175 1176 1188 1189 
1176 1177 1189 1190 
1177 1178 1190 1191 
1178 1179 1191 1192 
1179 1180 1192 1193 
1180 1181 1193 1194 
1181 1182 1194 1195 
1182 1183 1195 1196 
1183 1184 1196 1197 
1184 1197 1229 1231 
1186 1187 1199 1200 
1187 1188 1200 1201 
1188 1189 1201 1202 
1189 1190 1202 1203 
1190 1191 1203 1204 
1191 1192 1204 1205 
1192 1193 1205 1206 
1193 1194 1206 1207 
1194 1195 1207 1208 
1195 1196 1208 1209 
1196 1197 1209 1210 
1197 1210 1231 1233 
1199 1200 1211 1212 
1198 1200 1201 1211 
1185 1198 1201 1202 
1172 1185 1202 1203 
1159 1172 1203 1204 
1146 1159 1204 1205 
1133 1146 1205 1206 
1120 1133 1206 1207 
1107 1120 1207 1208 
1094 1107 1208 1209 
1081 1094 1209 1210 
1081 1210 1233 1235 
1211 1212 1267 1268 
1198 1211 1268 1269 
1185 1198 1269 1270 
1172 1185 1270 1271 
1159 1172 1271 1272 
1146 1159 1272 1273 
1133 1146 1273 1274 
1120 1133 1274 1275 
1107 1120 1275 1276 
1094 1107 1276 1277 
1081 1094 1277 1278 
1081 1235 1278 1281 
1213 1214 1215 1216 
1215 1216 1217 1218 
1217 1218 1219 1220 
1219 1220 1221 1222 
1221 1222 1223 1224 
1223 1224 1225 1226 
1225 1226 1227 1228 
1227 1228 1229 1230 
1229 1230 1231 1232 
1231 1232 1233 1234 
1233 1234 1235 1236 
1235 1236 1281 1285 1288 
1237 1238 1331 1332 
1238 1239 1332 1333 
1239 1240 1333 1334 
1240 1241 1334 1335 
1241 1242 1335 1336 
1242 1243 1336 1337 
1243 1244 1337 1338 
1244 1245 1338 1339 
1245 1246 1339 1340 
1246 1247 1340 1341 
1247 1248 1341 1342 
1248 1249 1342 1343 
1249 1250 1343 1344 
1250 1251 1344 1345 
1251 1252 1345 1346 
1252 1253 1346 1347 
1253 1254 1347 1348 
1254 1255 1348 1349 
1255 1256 1349 1350 
1256 1257 1350 1351 
1257 1258 1351 1352 
1258 1259 1352 1353 
1259 1260 1353 1354 
1260 1261 1354 1355 
1261 1262 1355 1356 
1262 1263 1356 1357 
1263 1264 1357 1358 
1264 1265 1358 1359 
1265 1266 1359 1360 
1266 1267 1360 1361 
1267 1268 1361 1362 
1268 1269 1362 1363 
1269 1270 1363 1364 
1270 1271 1364 1365 
1271 1272 1365 1366 
1272 1273 1366 1367 
1273 1274 1367 1368 
1274 1275 1368 1369 
1275 1276 1369 1370 
1276 1277 1370 1371 
1277 1278 1371 1372 
1278 1279 1281 1372 1435 
1280 1282 1373 1374 
1280 1282 1283 1284 
1282 1284 1374 1377 
1283 1284 1286 1287 1289 
1284 1287 1290 1377 1380 
1286 1289 1291 1292 
1287 1289 1292 1293 
1287 1290 1293 1294 
1290 1294 1380 1385 
1291 1292 1296 1297 
1292 1293 1297 1298 
1293 1294 1298 1299 
1294 1299 1385 1390 
1296 1297 1301 1302 
1297 1298 1302 1303 
1298 1299 1303 1304 
1299 1304 1390 1395 
1301 1302 1306 1307 
1302 1303 1307 1308 
1303 1304 1308 1309 
1304 1309 1395 1400 
1306 1307 1311 1312 
1307 1308 1312 1313 
1308 1309 1313 1314 
1309 1314 1400 1405 
1311 1312 1316 1317 
1312 1313 1317 1318 
1313 1314 1318 1319 
1314 1319 1405 1410 
1316 1317 1321 1322 
1317 1318 1322 1323 
1318 1319 1323 1324 
1319 1324 1410 1415 
1321 1322 1326 1327 
1322 1323 1327 1328 
1323 1324 1328 1329 
1324 1329 1415 1420 
1325 1326 1327 1330 
1320 1325 1327 1328 
1315 1320 1328 1329 
1315 1329 1420 1425 
1305 1310 1325 1330 
1300 1305 1320 1325 
1295 1300 1315 1320 
1295 1315 1425 1430 
1285 1288 1305 1310 
1281 1285 1300 1305 
1279 1281 1295 1300 
1279 1295 1430 1435 
1331 1332 1437 1438 
1332 1333 1438 1439 
1333 1334 1439 1440 
1334 1335 1440 1441 
1335 1336 1441 1442 
1336 1337 1442 1443 
1337 1338 1443 1444 
1338 1339 1444 1445 
1339 1340 1445 1446 
1340 1341 1446 1447 
1341 1342 1447 1448 
1342 1343 1448 1449 
1343 1344 1449 1450 
1344 1345 1450 1451 
1345 1346 1451 1452 
1346 1347 1452 1453 
1347 1348 1453 1454 
1348 1349 1454 1455 
1349 1350 1455 1456 
1350 1351 1456 1457 
1351 1352 1457 1458 
1352 1353 1458 1459 
1353 1354 1459 1460 
1354 1355 1460 1461 
1355 1356 1461 1462 
1356 1357 1462 1463 
1357 1358 1463 1464 
1358 1359 1464 1465 
1359 1360 1465 1466 
1360 1361 1466 1599 
1361 1362 1599 1600 
1362 1363 1600 1601 
1363 1364 1601 1602 
1364 1365 1602 1603 
1365 1366 1603 1604 
1366 1367 1604 1605 
1367 1368 1605 1606 
1368 1369 1606 1607 
1369 1370 1607 1608 
1370 1371 1608 1609 
1371 1372 1609 1610 
1372 1435 1436 1610 1743 
1373 1374 1375 1376 
1374 1376 1377 1378 
1375 1376 1378 1379 
1377 1378 1380 1381 1383 
1378 1379 1381 1382 1384 
1380 1383 1385 1386 
1381 1383 1386 1387 
1381 1384 1387 1388 
1382 1384 1388 1389 
1385 1386 1390 1391 
1386 1387 1391 1392 
1387 1388 1392 1393 
1388 1389 1393 1394 
1390 1391 1395 1396 
1391 1392 1396 1397 
1392 1393 1397 1398 
1393 1394 1398 1399 
1395 1396 1400 1401 
1396 1397 1401 1402 
1397 1398 1402 1403 
1398 1399 1403 1404 
1400 1401 1405 1406 
1401 1402 1406 1407 
1402 1403 1407 1408 
1403 1404 1408 1409 
1405 1406 1410 1411 
1406 1407 1411 1412 
1407 1408 1412 1413 
1408 1409 1413 1414 
1410 1411 1415 1416 
1411 1412 1416 1417 
1412 1413 1417 1418 
1413 1414 1418 1419 
1415 1416 1420 1421 
1416 1417 1421 1422 
1417 1418 1422 1423 
1418 1419 1423 1424 
1420 1421 1425 1426 
1421 1422 1426 1427 
1422 1423 1427 1428 
1423 1424 1428 1429 
1425 1426 1430 1431 
1426 1427 1431 1432 
1427 1428 1432 1433 
1428 1429 1433 1434 
1430 1431 1435 1436 
1431 1432 1436 1743 
1432 1433 1743 1767 
1433 1434 1744 1767 
1437 1438 1768 1769 
1438 1439 1769 1770 
1439 1440 1770 1771 
1440 1441 1771 1772 
1441 1442 1772 1773 
1442 1443 1773 1774 
1443 1444 1774 1775 
1444 1445 1775 1776 
1445 1446 1776 1777 
1446 1447 1777 1778 
1447 1448 1778 1779 
1448 1449 1779 1780 
1449 1450 1780 1781 
1450 1451 1781 1782 
1451 1452 1782 1783 
1452 1453 1783 1784 
1453 1454 1784 1785 
1454 1455 1468 1481 1494 1507 1520 1533 1546 1559 1572 1585 1598 1785 1786 
1455 1456 1468 1469 
1456 1457 1469 1470 
1457 1458 1470 1471 
1458 1459 1471 1472 
1459 1460 1472 1473 
1460 1461 1473 1474 
1461 1462 1474 1475 
1462 1463 1475 1476 
1463 1464 1476 1477 
1464 1465 1477 1478 
1465 1466 1478 1479 
1466 1479 1599 1612 
1468 1469 1481 1482 
1469 1470 1482 1483 
1470 1471 1483 1484 
1471 1472 1484 1485 
1472 1473 1485 1486 
1473 1474 1486 1487 
1474 1475 1487 1488 
1475 1476 1488 1489 
1476 1477 1489 1490 
1477 1478 1490 1491 
1478 1479 1491 1492 
1479 1492 1612 1625 
1481 1482 1494 1495 
1482 1483 1495 1496 
1483 1484 1496 1497 
1484 1485 1497 1498 
1485 1486 1498 1499 
1486 1487 1499 1500 
1487 1488 1500 1501 
1488 1489 1501 1502 
1489 1490 1502 1503 
1490 1491 1503 1504 
1491 1492 1504 1505 
1492 1505 1625 1638 
1494 1495 1507 1508 
1495 1496 1508 1509 
1496 1497 1509 1510 
1497 1498 1510 1511 
1498 1499 1511 1512 
1499 1500 1512 1513 
1500 1501 1513 1514 
1501 1502 1514 1515 
1502 1503 1515 1516 
1503 1504 1516 1517 
1504 1505 1517 1518 
1505 1518 1638 1651 
1507 1508 1520 1521 
1508 1509 1521 1522 
1509 1510 1522 1523 
1510 1511 1523 1524 
1511 1512 1524 1525 
1512 1513 1525 1526 
1513 1514 1526 1527 
1514 1515 1527 1528 
1515 1516 1528 1529 
1516 1517 1529 1530 
1517 1518 1530 1531 
1518 1531 1651 1664 
1520 1521 1533 1534 
1521 1522 1534 1535 
1522 1523 1535 1536 
1523 1524 1536 1537 
1524 1525 1537 1538 
1525 1526 1538 1539 
1526 1527 1539 1540 
1527 1528 1540 1541 
1528 1529 1541 1542 
1529 1530 1542 1543 
1530 1531 1543 1544 
1531 1544 1664 1677 
1533 1534 1546 1547 
1534 1535 1547 1548 
1535 1536 1548 1549 
1536 1537 1549 1550 
1537 1538 1550 1551 
1538 1539 1551 1552 
1539 1540 1552 1553 
1540 1541 1553 1554 
1541 1542 1554 1555 
1542 1543 1555 1556 
1543 1544 1556 1557 
1544 1557 1677 1690 
1546 1547 1559 1560 
1547 1548 1560 1561 
1548 1549 1561 1562 
1549 1550 1562 1563 
1550 1551 1563 1564 
1551 1552 1564 1565 
1552 1553 1565 1566 
1553 1554 1566 1567 
1554 1555 1567 1568 
1555 1556 1568 1569 
1556 1557 1569 1570 
1557 1570 1690 1703 
1559 1560 1572 1573 
1560 1561 1573 1574 
1561 1562 1574 1575 
1562 1563 1575 1576 
1563 1564 1576 1577 
1564 1565 1577 1578 
1565 1566 1578 1579 
1566 1567 1579 1580 
1567 1568 1580 1581 
1568 1569 1581 1582 
1569 1570 1582 1583 
1570 1583 1703 1716 
1572 1573 1585 1586 
1573 1574 1586 1587 
1574 1575 1587 1588 
1575 1576 1588 1589 
1576 1577 1589 1590 
1577 1578 1590 1591 
1578 1579 1591 1592 
1579 1580 1592 1593 
1580 1581 1593 1594 
1581 1582 1594 1595 
1582 1583 1595 1596 
1583 1596 1716 1729 
1585 1586 1597 1598 
1584 1586 1587 1597 
1571 1584 1587 1588 
1558 1571 1588 1589 
1545 1558 1589 1590 
1532 1545 1590 1591 
1519 1532 1591 1592 
1506 1519 1592 1593 
1493 1506 1593 1594 
1480 1493 1594 1595 
1467 1480 1595 1596 
1467 1596 1729 1742 
1597 1598 1786 1787 
1584 1597 1787 1788 
1571 1584 1788 1789 
1558 1571 1789 1790 
1545 1558 1790 1791 
1532 1545 1791 1792 
1519 1532 1792 1793 
1506 1519 1793 1794 
1493 1506 1794 1795 
1480 1493 1795 1796 
1467 1480 1796 1797 
1467 1742 1797 1930 
1599 1600 1612 1613 
1600 1601 1613 1614 
1601 1602 1614 1615 
1602 1603 1615 1616 
1603 1604 1616 1617 
1604 1605 1617 1618 
1605 1606 1618 1619 
1606 1607 1619 1620 
1607 1608 1620 1621 
1608 1609 1621 1622 
1609 1610 1622 1623 
1610 1623 1743 1745 
1612 1613 1625 1626 
1613 1614 1626 1627 
1614 1615 1627 1628 
1615 1616 1628 1629 
1616 1617 1629 1630 
1617 1618 1630 1631 
1618 1619 1631 1632 
1619 1620 1632 1633 
1620 1621 1633 1634 
1621 1622 1634 1635 
1622 1623 1635 1636 
1623 1636 1745 1747 
1625 1626 1638 1639 
1626 1627 1639 1640 
1627 1628 1640 1641 
1628 1629 1641 1642 
1629 1630 1642 1643 
1630 1631 1643 1644 
1631 1632 1644 1645 
1632 1633 1645 1646 
1633 1634 1646 1647 
1634 1635 1647 1648 
1635 1636 1648 1649 
1636 1649 1747 1749 
1638 1639 1651 1652 
1639 1640 1652 1653 
1640 1641 1653 1654 
1641 1642 1654 1655 
1642 1643 1655 1656 
1643 1644 1656 1657 
1644 1645 1657 1658 
1645 1646 1658 1659 
1646 1647 1659 1660 
1647 1648 1660 1661 
1648 1649 1661 1662 
1649 1662 1749 1751 
1651 1652 1664 1665 
1652 1653 1665 1666 
1653 1654 1666 1667 
1654 1655 1667 1668 
1655 1656 1668 1669 
1656 1657 1669 1670 
1657 1658 1670 1671 
1658 1659 1671 1672 
1659 1660 1672 1673 
1660 1661 1673 1674 
1661 1662 1674 1675 
1662 1675 1751 1753 
1664 1665 1677 1678 
1665 1666 1678 1679 
1666 1667 1679 1680 
1667 1668 1680 1681 
1668 1669 1681 1682 
1669 1670 1682 1683 
1670 1671 1683 1684 
1671 1672 1684 1685 
1672 1673 1685 1686 
1673 1674 1686 1687 
1674 1675 1687 1688 
1675 1688 1753 1755 
1677 1678 1690 1691 
1678 1679 1691 1692 
1679 1680 1692 1693 
1680 1681 1693 1694 
1681 1682 1694 1695 
1682 1683 1695 1696 
1683 1684 1696 1697 
1684 1685 1697 1698 
1685 1686 1698 1699 
1686 1687 1699 1700 
1687 1688 1700 1701 
1688 1701 1755 1757 
1690 1691 1703 1704 
1691 1692 1704 1705 
1692 1693 1705 1706 
1693 1694 1706 1707 
1694 1695 1707 1708 
1695 1696 1708 1709 
1696 1697 1709 1710 
1697 1698 1710 1711 
1698 1699 1711 1712 
1699 1700 1712 1713 
1700 1701 1713 1714 
1701 1714 1757 1759 
1703 1704 1716 1717 
1704 1705 1717 1718 
1705 1706 1718 1719 
1706 1707 1719 1720 
1707 1708 1720 1721 
1708 1709 1721 1722 
1709 1710 1722 1723 
1710 1711 1723 1724 
1711 1712 1724 1725 
1712 1713 1725 1726 
1713 1714 1726 1727 
1714 1727 1759 1761 
1716 1717 1729 1730 
1717 1718 1730 1731 
1718 1719 1731 1732 
1719 1720 1732 1733 
1720 1721 1733 1734 
1721 1722 1734 1735 
1722 1723 1735 1736 
1723 1724 1736 1737 
1724 1725 1737 1738 
1725 1726 1738 1739 
1726 1727 1739 1740 
1727 1740 1761 1763 
1729 1730 1741 1742 
1728 1730 1731 1741 
1715 1728 1731 1732 
1702 1715 1732 1733 
1689 1702 1733 1734 
1676 1689 1734 1735 
1663 1676 1735 1736 
1650 1663 1736 1737 
1637 1650 1737 1738 
1624 1637 1738 1739 
1611 1624 1739 1740 
1611 1740 1763 1765 
1741 1742 1930 1931 
1728 1741 1931 1932 
1715 1728 1932 1933 
1702 1715 1933 1934 
1689 1702 1934 1935 
1676 1689 1935 1936 
1663 1676 1936 1937 
1650 1663 1937 1938 
1637 1650 1938 1939 
1624 1637 1939 1940 
1611 1624 1940 1941 
1611 1765 1941 2074 
1743 1744 1745 1746 1767 
1745 1746 1747 1748 
1747 1748 1749 1750 
1749 1750 1751 1752 
1751 1752 1753 1754 
1753 1754 1755 1756 
1755 1756 1757 1758 
1757 1758 1759 1760 
1759 1760 1761 1762 
1761 1762 1763 1764 
1763 1764 1765 1766 
1765 1766 2074 2075 
1768 1769 2098 2099 
1769 1770 2099 2100 
1770 1771 2100 2101 
1771 1772 2101 2102 
1772 1773 2102 2103 
1773 1774 2103 2104 
1774 1775 2104 2105 
1775 1776 2105 2106 
1776 1777 2106 2107 
1777 1778 2107 2108 
1778 1779 2108 2109 
1779 1780 2109 2110 
1780 1781 2110 2111 
1781 1782 2111 2112 
1782 1783 2112 2113 
1783 1784 2113 2114 
1784 1785 2114 2115 
1785 1786 1799 1812 1825 1838 1851 1864 1877 1890 1903 1916 1929 2115 2116 
1786 1787 1799 1800 
1787 1788 1800 1801 
1788 1789 1801 1802 
1789 1790 1802 1803 
1790 1791 1803 1804 
1791 1792 1804 1805 
1792 1793 1805 1806 
1793 1794 1806 1807 
1794 1795 1807 1808 
1795 1796 1808 1809 
1796 1797 1809 1810 
1797 1810 1930 1943 
1799 1800 1812 1813 
1800 1801 1813 1814 
1801 1802 1814 1815 
1802 1803 1815 1816 
1803 1804 1816 1817 
1804 1805 1817 1818 
1805 1806 1818 1819 
1806 1807 1819 1820 
1807 1808 1820 1821 
1808 1809 1821 1822 
1809 1810 1822 1823 
1810 1823 1943 1956 
1812 1813 1825 1826 
1813 1814 1826 1827 
1814 1815 1827 1828 
1815 1816 1828 1829 
1816 1817 1829 1830 
1817 1818 1830 1831 
1818 1819 1831 1832 
1819 1820 1832 1833 
1820 1821 1833 1834 
1821 1822 1834 1835 
1822 1823 1835 1836 
1823 1836 1956 1969 
1825 1826 1838 1839 
1826 1827 1839 1840 
1827 1828 1840 1841 
1828 1829 1841 1842 
1829 1830 1842 1843 
1830 1831 1843 1844 
1831 1832 1844 1845 
1832 1833 1845 1846 
1833 1834 1846 1847 
1834 1835 1847 1848 
1835 1836 1848 1849 
1836 1849 1969 1982 
1838 1839 1851 1852 
1839 1840 1852 1853 
1840 1841 1853 1854 
1841 1842 1854 1855 
1842 1843 1855 1856 
1843 1844 1856 1857 
1844 1845 1857 1858 
1845 1846 1858 1859 
1846 1847 1859 1860 
1847 1848 1860 1861 
1848 1849 1861 1862 
1849 1862 1982 1995 
1851 1852 1864 1865 
1852 1853 1865 1866 
1853 1854 1866 1867 
1854 1855 1867 1868 
1855 1856 1868 1869 
1856 1857 1869 1870 
1857 1858 1870 1871 
1858 1859 1871 1872 
1859 1860 1872 1873 
1860 1861 1873 1874 
1861 1862 1874 1875 
1862 1875 1995 2008 
1864 1865 1877 1878 
1865 1866 1878 1879 
1866 1867 1879 1880 
1867 1868 1880 1881 
1868 1869 1881 1882 
1869 1870 1882 1883 
1870 1871 1883 1884 
1871 1872 1884 1885 
1872 1873 1885 1886 
1873 1874 1886 1887 
1874 1875 1887 1888 
1875 1888 2008 2021 
1877 1878 1890 1891 
1878 1879 1891 1892 
1879 1880 1892 1893 
1880 1881 1893 1894 
1881 1882 1894 1895 
1882 1883 1895 1896 
1883 1884 1896 1897 
1884 1885 1897 1898 
1885 1886 1898 1899 
1886 1887 1899 1900 
1887 1888 1900 1901 
1888 1901 2021 2034 
1890 1891 1903 1904 
1891 1892 1904 1905 
1892 1893 1905 1906 
1893 1894 1906 1907 
1894 1895 1907 1908 
1895 1896 1908 1909 
1896 1897 1909 1910 
1897 1898 1910 1911 
1898 1899 1911 1912 
1899 1900 1912 1913 
1900 1901 1913 1914 
1901 1914 2034 2047 
1903 1904 1916 1917 
1904 1905 1917 1918 
1905 1906 1918 1919 
1906 1907 1919 1920 
1907 1908 1920 1921 
1908 1909 1921 1922 
1909 1910 1922 1923 
1910 1911 1923 1924 
1911 1912 1924 1925 
1912 1913 1925 1926 
1913 1914 1926 1927 
1914 1927 2047 2060 
1916 1917 1928 1929 
1915 1917 1918 1928 
1902 1915 1918 1919 
1889 1902 1919 1920 
1876 1889 1920 1921 
1863 1876 1921 1922 
1850 1863 1922 1923 
1837 1850 1923 1924 
1824 1837 1924 1925 
1811 1824 1925 1926 
1798 1811 1926 1927 
1798 1927 2060 2073 
1928 1929 2116 2120 
1915 1928 2120 2121 
1902 1915 2121 2122 
1889 1902 2122 2123 
1876 1889 2123 2124 
1863 1876 2124 2125 
1850 1863 2125 2126 
1837 1850 2126 2127 
1824 1837 2119 2127 
1811 1824 2118 2119 
1798 1811 2117 2118 
1798 2073 2117 2128 
1930 1931 1943 1944 
1931 1932 1944 1945 
1932 1933 1945 1946 
1933 1934 1946 1947 
1934 1935 1947 1948 
1935 1936 1948 1949 
1936 1937 1949 1950 
1937 1938 1950 1951 
1938 1939 1951 1952 
1939 1940 1952 1953 
1940 1941 1953 1954 
1941 1954 2074 2076 
1943 1944 1956 1957 
1944 1945 1957 1958 
1945 1946 1958 1959 
1946 1947 1959 1960 
1947 1948 1960 1961 
1948 1949 1961 1962 
1949 1950 1962 1963 
1950 1951 1963 1964 
1951 1952 1964 1965 
1952 1953 1965 1966 
1953 1954 1966 1967 
1954 1967 2076 2078 
1956 1957 1969 1970 
1957 1958 1970 1971 
1958 1959 1971 1972 
1959 1960 1972 1973 
1960 1961 1973 1974 
1961 1962 1974 1975 
1962 1963 1975 1976 
1963 1964 1976 1977 
1964 1965 1977 1978 
1965 1966 1978 1979 
1966 1967 1979 1980 
1967 1980 2078 2080 
1969 1970 1982 1983 
1970 1971 1983 1984 
1971 1972 1984 1985 
1972 1973 1985 1986 
1973 1974 1986 1987 
1974 1975 1987 1988 
1975 1976 1988 1989 
1976 1977 1989 1990 
1977 1978 1990 1991 
1978 1979 1991 1992 
1979 1980 1992 1993 
1980 1993 2080 2082 
1982 1983 1995 1996 
1983 1984 1996 1997 
1984 1985 1997 1998 
1985 1986 1998 1999 
1986 1987 1999 2000 
1987 1988 2000 2001 
1988 1989 2001 2002 
1989 1990 2002 2003 
1990 1991 2003 2004 
1991 1992 2004 2005 
1992 1993 2005 2006 
1993 2006 2082 2084 
1995 1996 2008 2009 
1996 1997 2009 2010 
1997 1998 2010 2011 
1998 1999 2011 2012 
1999 2000 2012 2013 
2000 2001 2013 2014 
2001 2002 2014 2015 
2002 2003 2015 2016 
2003 2004 2016 2017 
2004 2005 2017 2018 
2005 2006 2018 2019 
2006 2019 2084 2086 
2008 2009 2021 2022 
2009 2010 2022 2023 
2010 2011 2023 2024 
2011 2012 2024 2025 
2012 2013 2025 2026 
2013 2014 2026 2027 
2014 2015 2027 2028 
2015 2016 2028 2029 
2016 2017 2029 2030 
2017 2018 2030 2031 
2018 2019 2031 2032 
2019 2032 2086 2088 
2021 2022 2034 2035 
2022 2023 2035 2036 
2023 2024 2036 2037 
2024 2025 2037 2038 
2025 2026 2038 2039 
2026 2027 2039 2040 
2027 2028 2040 2041 
2028 2029 2041 2042 
2029 2030 2042 2043 
2030 2031 2043 2044 
2031 2032 2044 2045 
2032 2045 2088 2090 
2034 2035 2047 2048 
2035 2036 2048 2049 
2036 2037 2049 2050 
2037 2038 2050 2051 
2038 2039 2051 2052 
2039 2040 2052 2053 
2040 2041 2053 2054 
2041 2042 2054 2055 
2042 2043 2055 2056 
2043 2044 2056 2057 
2044 2045 2057 2058 
2045 2058 2090 2092 
2047 2048 2060 2061 
2048 2049 2061 2062 
2049 2050 2062 2063 
2050 2051 2063 2064 
2051 2052 2064 2065 
2052 2053 2065 2066 
2053 2054 2066 2067 
2054 2055 2067 2068 
2055 2056 2068 2069 
2056 2057 2069 2070 
2057 2058 2070 2071 
2058 2071 2092 2094 
2060 2061 2072 2073 
2059 2061 2062 2072 
2046 2059 2062 2063 
2033 2046 2063 2064 
2020 2033 2064 2065 
2007 2020 2065 2066 
1994 2007 2066 2067 
1981 1994 2067 2068 
1968 1981 2068 2069 
1955 1968 2069 2070 
1942 1955 2070 2071 
1942 2071 2094 2096 
2072 2073 2128 2132 
2059 2072 2132 2133 
2046 2059 2133 2134 
2033 2046 2134 2135 
2020 2033 2135 2136 
2007 2020 2136 2137 
1994 2007 2137 2138 
1981 1994 2138 2139 
1968 1981 2131 2139 
1955 1968 2130 2131 
1942 1955 2129 2130 
1942 2096 2129 2140 
2074 2075 2076 2077 
2076 2077 2078 2079 
2078 2079 2080 2081 
2080 2081 2082 2083 
2082 2083 2084 2085 
2084 2085 2086 2087 
2086 2087 2088 2089 
2088 2089 2090 2091 
2090 2091 2092 2093 
2092 2093 2094 2095 
2094 2095 2096 2097 
2096 2097 2140 2141 
2098 2099 2142 2143 
2099 2100 2143 2144 
2100 2101 2144 2145 
2101 2102 2145 2146 
2102 2103 2146 2147 
2103 2104 2147 2148 
2104 2105 2148 2149 
2105 2106 2149 2150 
2106 2107 2150 2151 
2107 2108 2151 2152 
2108 2109 2152 2153 
2109 2110 2153 2154 
2110 2111 2154 2155 
2111 2112 2155 2156 
2112 2113 2156 2157 
2113 2114 2157 2158 
2114 2115 2158 2159 
2115 2116 2159 2160 
2116 2117 2118 2119 2120 2121 2122 2123 2124 2125 2126 2127 2128 2160 2161 
2128 2129 2130 2131 2132 2133 2134 2135 2136 2137 2138 2139 2140 2161 2162 
2140 2141 2162 2163 
2142 2143 2164 2165 
2143 2144 2165 2166 
2144 2145 2166 2167 
2145 2146 2167 2168 
2146 2147 2168 2169 
2147 2148 2169 2170 
2148 2149 2170 2171 
2149 2150 2171 2172 
2150 2151 2172 2173 
2151 2152 2173 2174 
2152 2153 2174 2175 
2153 2154 2175 2176 
2154 2155 2176 2177 
2155 2156 2177 2178 
2156 2157 2178 2179 
2157 2158 2179 2180 
2158 2159 2180 2181 
2159 2160 2181 2182 
2160 2161 2182 2183 
2161 2162 2183 2184 
2162 2163 2184 2185 
2164 2165 2186 2187 
2165 2166 2187 2188 
2166 2167 2188 2189 
2167 2168 2189 2190 
2168 2169 2190 2191 
2169 2170 2191 2192 
2170 2171 2192 2193 
2171 2172 2193 2194 
2172 2173 2194 2195 
2173 2174 2195 2196 
2174 2175 2196 2197 
2175 2176 2197 2198 
2176 2177 2198 2199 
2177 2178 2199 2200 
2178 2179 2200 2201 
2179 2180 2201 2202 
2180 2181 2202 2203 
2181 2182 2203 2204 
2182 2183 2204 2205 
2183 2184 2205 2206 
2184 2185 2206 2207 
2186 2187 2208 2209 
2187 2188 2209 2210 
2188 2189 2210 2211 
2189 2190 2211 2212 
2190 2191 2212 2213 
2191 2192 2213 2214 
2192 2193 2214 2215 
2193 2194 2215 2216 
2194 2195 2216 2217 
2195 2196 2217 2218 
2196 2197 2218 2219 
2197 2198 2219 2220 
2198 2199 2220 2221 
2199 2200 2221 2222 
2200 2201 2222 2223 
2201 2202 2223 2224 
2202 2203 2224 2225 
2203 2204 2225 2226 
2204 2205 2226 2227 
2205 2206 2227 2228 
2206 2207 2228 2229 
2208 2209 2230 2231 
2209 2210 2231 2232 
2210 2211 2232 2233 
2211 2212 2233 2234 
2212 2213 2234 2235 
2213 2214 2235 2236 
2214 2215 2236 2237 
2215 2216 2237 2238 
2216 2217 2238 2239 
2217 2218 2239 2240 
2218 2219 2240 2241 
2219 2220 2241 2242 
2220 2221 2242 2243 
2221 2222 2243 2244 
2222 2223 2244 2245 
2223 2224 2245 2246 
2224 2225 2246 2247 
2225 2226 2247 2248 
2226 2227 2248 2249 
2227 2228 2249 2250 
2228 2229 2250 2251 
2230 2231 2252 2253 
2231 2232 2253 2254 
2232 2233 2254 2255 
2233 2234 2255 2256 
2234 2235 2256 2257 
2235 2236 2257 2258 
2236 2237 2258 2259 
2237 2238 2259 2260 
2238 2239 2260 2261 
2239 2240 2261 2262 
2240 2241 2262 2263 
2241 2242 2263 2264 
2242 2243 2264 2265 
2243 2244 2265 2266 
2244 2245 2266 2267 
2245 2246 2267 2268 
2246 2247 2268 2269 
2247 2248 2269 2270 
2248 2249 2270 2271 
2249 2250 2271 2272 
2250 2251 2272 2273 
2252 2253 2274 2275 
2253 2254 2275 2276 
2254 2255 2276 2277 
2255 2256 2277 2278 
2256 2257 2278 2279 
2257 2258 2279 2280 
2258 2259 2280 2281 
2259 2260 2281 2282 
2260 2261 2282 2283 
2261 2262 2283 2284 
2262 2263 2284 2285 
2263 2264 2285 2286 
2264 2265 2286 2287 
2265 2266 2287 2288 
2266 2267 2288 2289 
2267 2268 2289 2290 
2268 2269 2290 2291 
2269 2270 2291 2292 
2270 2271 2292 2293 
2271 2272 2293 2294 
2272 2273 2294 2295 
2274 2275 2296 2297 
2275 2276 2297 2298 
2276 2277 2298 2299 
2277 2278 2299 2300 
2278 2279 2300 2301 
2279 2280 2301 2302 
2280 2281 2302 2303 
2281 2282 2303 2304 
2282 2283 2304 2305 
2283 2284 2305 2306 
2284 2285 2306 2307 
2285 2286 2307 2308 
2286 2287 2308 2309 
2287 2288 2309 2310 
2288 2289 2310 2311 
2289 2290 2311 2312 
2290 2291 2312 2313 
2291 2292 2313 2314 
2292 2293 2314 2315 
2293 2294 2315 2316 
2294 2295 2316 2317 
2296 2297 2318 2319 
2297 2298 2319 2320 
2298 2299 2320 2321 
2299 2300 2321 2322 
2300 2301 2322 2323 
2301 2302 2323 2324 
2302 2303 2324 2325 
2303 2304 2325 2326 
2304 2305 2326 2327 
2305 2306 2327 2328 
2306 2307 2328 2329 
2307 2308 2329 2330 
2308 2309 2330 2331 
2309 2310 2331 2332 
2310 2311 2332 2333 
2311 2312 2333 2334 
2312 2313 2334 2335 
2313 2314 2335 2336 
2314 2315 2336 2337 
2315 2316 2337 2338 
2316 2317 2338 2339 
2318 2319 2340 2341 
2319 2320 2341 2342 
2320 2321 2342 2343 
2321 2322 2343 2344 
2322 2323 2344 2345 
2323 2324 2345 2346 
2324 2325 2346 2347 
2325 2326 2347 2348 
2326 2327 2348 2349 
2327 2328 2349 2350 
2328 2329 2350 2351 
2329 2330 2351 2352 
2330 2331 2352 2353 
2331 2332 2353 2354 
2332 2333 2354 2355 
2333 2334 2355 2356 
2334 2335 2356 2357 
2335 2336 2357 2358 
2336 2337 2358 2359 
2337 2338 2359 2360 
2338 2339 2360 2361 
2340 2341 2362 2363 
2341 2342 2363 2364 
2342 2343 2364 2365 
2343 2344 2365 2366 
2344 2345 2366 2367 
2345 2346 2367 2368 
2346 2347 2368 2369 
2347 2348 2369 2370 
2348 2349 2370 2371 
2349 2350 2371 2372 
2350 2351 2372 2373 
2351 2352 2373 2374 
2352 2353 2374 2375 
2353 2354 2375 2376 
2354 2355 2376 2377 
2355 2356 2377 2378 
2356 2357 2378 2379 
2357 2358 2379 2380 
2358 2359 2380 2381 
2359 2360 2381 2382 
2360 2361 2382 2383 
2362 2363 2384 2385 
2363 2364 2385 2386 
2364 2365 2386 2387 
2365 2366 2387 2388 
2366 2367 2388 2389 
2367 2368 2389 2390 
2368 2369 2390 2391 
2369 2370 2391 2392 
2370 2371 2392 2393 
2371 2372 2393 2394 
2372 2373 2394 2395 
2373 2374 2395 2396 
2374 2375 2396 2397 
2375 2376 2397 2398 
2376 2377 2398 2399 
2377 2378 2399 2400 
2378 2379 2400 2401 
2379 2380 2401 2402 
2380 2381 2402 2403 
2381 2382 2403 2404 
2382 2383 2404 2405 
2384 2385 2406 2407 
2385 2386 2407 2408 
2386 2387 2408 2409 
2387 2388 2409 2410 
2388 2389 2410 2411 
2389 2390 2411 2412 
2390 2391 2412 2413 
2391 2392 2413 2414 
2392 2393 2414 2415 
2393 2394 2415 2416 
2394 2395 2416 2417 
2395 2396 2417 2418 
2396 2397 2418 2419 
2397 2398 2419 2420 
2398 2399 2420 2421 
2399 2400 2421 2422 
2400 2401 2422 2423 
2401 2402 2423 2424 
2402 2403 2424 2425 
2403 2404 2425 2426 
2404 2405 2426 2427 
2406 2407 2428 2429 
2407 2408 2429 2430 
2408 2409 2430 2431 
2409 2410 2431 2432 
2410 2411 2432 2433 
2411 2412 2433 2434 
2412 2413 2434 2435 
2413 2414 2435 2436 
2414 2415 2436 2437 
2415 2416 2437 2438 
2416 2417 2438 2439 
2417 2418 2439 2440 
2418 2419 2440 2441 
2419 2420 2441 2442 
2420 2421 2442 2443 
2421 2422 2443 2444 
2422 2423 2444 2445 
2423 2424 2445 2446 
2424 2425 2446 2447 
2425 2426 2447 2448 
2426 2427 2448 2449 
2428 2429 2450 2451 
2429 2430 2451 2452 
2430 2431 2452 2453 
2431 2432 2453 2454 
2432 2433 2454 2455 
2433 2434 2455 2456 
2434 2435 2456 2457 
2435 2436 2457 2458 
2436 2437 2458 2459 
2437 2438 2459 2460 
2438 2439 2460 2461 
2439 2440 2461 2462 
2440 2441 2462 2463 
2441 2442 2463 2464 
2442 2443 2464 2465 
2443 2444 2465 2466 
2444 2445 2466 2467 
2445 2446 2467 2468 
2446 2447 2468 2469 
2447 2448 2469 2470 
2448 2449 2470 2471 
2450 2451 2472 2473 
2451 2452 2473 2474 
2452 2453 2474 2475 
2453 2454 2475 2476 
2454 2455 2476 2477 
2455 2456 2477 2478 
2456 2457 2478 2479 
2457 2458 2479 2480 
2458 2459 2480 2481 
2459 2460 2481 2482 
2460 2461 2482 2483 
2461 2462 2483 2484 
2462 2463 2484 2485 
2463 2464 2485 2486 
2464 2465 2486 2487 
2465 2466 2487 2488 
2466 2467 2488 2489 
2467 2468 2489 2490 
2468 2469 2490 2491 
2469 2470 2491 2492 
2470 2471 2492 2493 
2472 2473 2494 2495 
2473 2474 2495 2496 
2474 2475 2496 2497 
2475 2476 2497 2498 
2476 2477 2498 2499 
2477 2478 2499 2500 
2478 2479 2500 2501 
2479 2480 2501 2502 
2480 2481 2502 2503 
2481 2482 2503 2504 
2482 2483 2504 2505 
2483 2484 2505 2506 
2484 2485 2506 2507 
2485 2486 2507 2508 
2486 2487 2508 2509 
2487 2488 2509 2510 
2488 2489 2510 2511 
2489 2490 2511 2512 
2490 2491 2512 2513 
2491 2492 2513 2514 
2492 2493 2514 2515 
2494 2495 2516 2517 
2495 2496 2517 2518 
2496 2497 2518 2519 
2497 2498 2519 2520 
2498 2499 2520 2521 
2499 2500 2521 2522 
2500 2501 2522 2523 
2501 2502 2523 2524 
2502 2503 2524 2525 
2503 2504 2525 2526 
2504 2505 2526 2527 
2505 2506 2527 2528 
2506 2507 2528 2529 
2507 2508 2529 2530 
2508 2509 2530 2531 
2509 2510 2531 2532 
2510 2511 2532 2533 
2511 2512 2533 2534 
2512 2513 2534 2535 
2513 2514 2535 2536 
2514 2515 2536 2537 
2516 2517 2538 2539 
2517 2518 2539 2540 
2518 2519 2540 2541 
2519 2520 2541 2542 
2520 2521 2542 2543 
2521 2522 2543 2544 
2522 2523 2544 2545 
2523 2524 2545 2546 
2524 2525 2546 2547 
2525 2526 2547 2548 
2526 2527 2548 2549 
2527 2528 2549 2550 
2528 2529 2550 2551 
2529 2530 2551 2552 
2530 2531 2552 2553 
2531 2532 2553 2554 
2532 2533 2554 2555 
2533 2534 2555 2556 
2534 2535 2556 2557 
2535 2536 2557 2558 
2536 2537 2558 2559 
2538 2539 2560 2561 
2539 2540 2561 2562 
2540 2541 2562 2563 
2541 2542 2563 2564 
2542 2543 2564 2565 
2543 2544 2565 2566 
2544 2545 2566 2567 
2545 2546 2567 2568 
2546 2547 2568 2569 
2547 2548 2569 2570 
2548 2549 2570 2571 
2549 2550 2571 2572 
2550 2551 2572 2573 
2551 2552 2573 2574 
2552 2553 2574 2575 
2553 2554 2575 2576 
2554 2555 2576 2577 
2555 2556 2577 2578 
2556 2557 2578 2579 
2557 2558 2579 2580 
2558 2559 2580 2581 
2560 2561 2582 2584 
2561 2562 2584 2586 
2562 2563 2586 2588 
2563 2564 2588 2590 
2564 2565 2590 2592 
2565 2566 2592 2594 
2566 2567 2594 2596 
2567 2568 2596 2598 
2568 2569 2598 2600 
2569 2570 2600 2602 
2570 2571 2602 2604 
2571 2572 2604 2606 
2572 2573 2606 2608 
2573 2574 2608 2610 
2574 2575 2610 2612 
2575 2576 2612 2614 
2576 2577 2614 2616 
2577 2578 2616 2618 
2578 2579 2618 2620 
2579 2580 2620 2622 
2580 2581 2622 2623 
2582 2583 2584 2585 
2584 2585 2586 2587 
2586 2587 2588 2589 
2588 2589 2590 2591 
2590 2591 2592 2593 
2592 2593 2594 2595 
2594 2595 2596 2597 
2596 2597 2598 2599 
2598 2599 2600 2601 
2600 2601 2602 2603 
2602 2603 2604 2605 
2604 2605 2606 2607 
2606 2607 2608 2609 
2608 2609 2610 2611 
2610 2611 2612 2613 
2612 2613 2614 2615 
2614 2615 2616 2617 
2616 2617 2618 2619 
2618 2619 2620 2621 
2620 2621 2622 2624 
2622 2623 2624 2625 
