0 4.23031 8.46062 12.6909 16.9212 21.1515 25.3818 29.6122 33.8425 38.0728 42.3031 46.5334 50.7637 54.994 
0 4.23031 8.46062 12.6909 16.9212 21.1515 25.3818 29.6122 33.8425 38.0728 42.3031 46.5334 50.7637 54.994 
0 4.23031 8.46062 12.6909 16.9212 21.1515 25.3818 29.6122 33.8425 38.0728 42.3031 46.5334 50.7637 54.994 
0 4.23031 8.46062 12.6909 16.9212 21.1515 25.3818 29.6122 33.8425 38.0728 42.3031 46.5334 50.7637 54.994 
0 4.23031 8.46062 12.6909 16.9212 21.1515 25.3818 29.6122 33.8425 38.0728 42.3031 46.5334 50.7637 54.994 
0 4.23031 8.46062 12.6909 16.9212 21.1515 25.3818 29.6122 33.8425 38.0728 42.3031 46.5334 50.7637 54.994 
0 4.23031 8.46062 12.6909 16.9212 21.1515 25.3818 29.6122 33.8425 38.0728 42.3031 46.5334 50.7637 54.994 
0 4.23031 8.46062 12.6909 16.9212 21.1515 25.3818 29.6122 33.8425 38.0728 42.3031 46.5334 50.7637 54.994 
0 4.23031 8.46062 12.6909 16.9212 21.1515 25.3818 29.6122 33.8425 38.0728 42.3031 46.5334 50.7637 54.994 
0 4.23031 8.46062 12.6909 16.9212 21.1515 25.3818 29.6122 33.8425 38.0728 42.3031 46.5334 50.7637 54.994 
0 4.23031 8.46062 12.6909 16.9212 21.1515 25.3818 29.6122 33.8425 38.0728 42.3031 46.5334 50.7637 54.994 
0 4.23031 8.46062 12.6909 16.9212 21.1515 25.3818 29.6122 33.8425 38.0728 42.3031 46.5334 50.7637 54.994 
0 4.23031 8.46062 12.6909 16.9212 21.1515 25.3818 29.6122 33.8425 38.0728 42.3031 46.5334 50.7637 54.994 
0 4.23031 8.46062 12.6909 16.9212 21.1515 25.3818 29.6122 33.8425 38.0728 42.3031 46.5334 50.7637 54.994 
0 4.23031 8.46062 12.6909 16.9212 21.1515 25.3818 29.6122 33.8425 38.0728 42.3031 46.5334 50.7637 54.994 
0 4.23031 8.46062 12.6909 16.9212 21.1515 25.3818 29.6122 33.8425 38.0728 42.3031 46.5334 50.7637 54.994 
0 4.23031 8.46062 12.6909 16.9212 21.1515 25.3818 29.6122 33.8425 38.0728 42.3031 46.5334 50.7637 54.994 
0 4.23031 8.46062 12.6909 16.9212 21.1515 25.3818 29.6122 33.8425 38.0728 42.3031 46.5334 50.7637 54.994 
0 4.23031 8.46062 12.6909 16.9212 21.1515 25.3818 29.6122 33.8425 38.0728 42.3031 46.5334 50.7637 54.994 
0 4.23031 8.46062 12.6909 16.9212 21.1515 25.3818 29.6122 33.8425 38.0728 42.3031 46.5334 50.7637 54.994 
0 4.23031 8.46062 12.6909 16.9212 21.1515 25.3818 29.6122 33.8425 38.0728 42.3031 46.5334 50.7637 54.994 
0 4.23031 8.46062 12.6909 16.9212 21.1515 25.3818 29.6122 33.8425 38.0728 42.3031 46.5334 50.7637 54.994 
0 4.23031 8.46062 12.6909 16.9212 21.1515 25.3818 29.6122 33.8425 38.0728 42.3031 46.5334 50.7637 54.994 
0 4.23031 8.46062 12.6909 16.9212 21.1515 25.3818 29.6122 33.8425 38.0728 42.3031 46.5334 50.7637 54.994 
0 4.23031 8.46062 12.6909 16.9212 21.1515 25.3818 29.6122 33.8425 38.0728 42.3031 46.5334 50.7637 54.994 
0 4.23031 8.46062 12.6909 16.9212 21.1515 25.3818 29.6122 33.8425 38.0728 42.3031 46.5334 50.7637 54.994 
0 4.23031 8.46062 12.6909 16.9212 21.1515 25.3818 29.6122 33.8425 38.0728 42.3031 46.5334 50.7637 54.994 
0 4.23031 8.46062 12.6909 16.9212 21.1515 25.3818 29.6122 33.8425 38.0728 42.3031 46.5334 50.7637 54.994 
0 4.23031 8.46062 12.6909 16.9212 21.1515 25.3818 29.6122 33.8425 38.0728 42.3031 46.5334 50.7637 54.994 
0 4.23031 8.46062 12.6909 16.9212 21.1515 25.3818 29.6122 33.8425 38.0728 42.3031 46.5334 50.7637 54.994 
0 4.23031 8.46062 12.6909 16.9212 21.1515 25.3818 29.6122 33.8425 38.0728 42.3031 46.5334 50.7637 54.994 
0 4.23031 8.46062 12.6909 16.9212 21.1515 25.3818 29.6122 33.8425 38.0728 42.3031 46.5334 50.7637 54.994 
0 4.23031 8.46062 12.6909 16.9212 21.1515 25.3818 29.6122 33.8425 38.0728 42.3031 46.5334 50.7637 54.994 
0 4.23031 8.46062 12.6909 16.9212 21.1515 25.3818 29.6122 33.8425 38.0728 42.3031 46.5334 50.7637 54.994 
0 4.23031 8.46062 12.6909 16.9212 21.1515 25.3818 29.6122 33.8425 38.0728 42.3031 46.5334 50.7637 54.994 
0 4.23031 8.46062 12.6909 16.9212 21.1515 25.3818 29.6122 33.8425 38.0728 42.3031 46.5334 50.7637 54.994 
0 4.23031 8.46062 12.6909 16.9212 21.1515 25.3818 29.6122 33.8425 38.0728 42.3031 46.5334 50.7637 54.994 
0 4.23031 8.46062 12.6909 16.9212 21.1515 25.3818 29.6122 33.8425 38.0728 42.3031 46.5334 50.7637 54.994 
0 4.23031 8.46062 12.6909 16.9212 21.1515 25.3818 29.6122 33.8425 38.0728 42.3031 46.5334 50.7637 54.994 
0 4.23031 8.46062 12.6909 16.9212 21.1515 25.3818 29.6122 33.8425 38.0728 42.3031 46.5334 50.7637 54.994 
0 4.23031 8.46062 12.6909 16.9212 21.1515 25.3818 29.6122 33.8425 38.0728 42.3031 46.5334 50.7637 54.994 
0 4.23031 8.46062 12.6909 16.9212 21.1515 25.3818 29.6122 33.8425 38.0728 42.3031 46.5334 50.7637 54.994 
