0 14.8965 26.0375 33.3248 42.1195 46.0986 47.4066 48.2047 48.9961 49.957 51.1041 51.4521 52.3981 54.994 
0 14.8965 26.0375 33.3248 42.1195 46.0986 47.4066 48.2047 48.9961 49.957 51.1041 51.4521 52.3981 54.994 
0 14.8965 26.0375 33.3248 42.1195 46.0986 47.4066 48.2047 48.9961 49.957 51.1041 51.4521 52.3981 54.994 
0 14.8965 26.0375 33.3248 42.1195 46.0986 47.4066 48.2047 48.9961 49.957 51.1041 51.4521 52.3981 54.994 
0 14.8965 26.0375 33.3248 42.1195 46.0986 47.4066 48.2047 48.9961 49.957 51.1041 51.4521 52.3981 54.994 
0 14.8965 26.0375 33.3248 42.1195 46.0986 47.4066 48.2047 48.9961 49.957 51.1041 51.4521 52.3981 54.994 
0 14.8965 26.0375 33.3248 42.1195 46.0986 47.4066 48.2047 48.9961 49.957 51.1041 51.4521 52.3981 54.994 
0 14.8965 26.0375 33.3248 42.1195 46.0986 47.4066 48.2047 48.9961 49.957 51.1041 51.4521 52.3981 54.994 
0 14.8965 26.0375 33.3248 42.1195 46.0986 47.4066 48.2047 48.9961 49.957 51.1041 51.4521 52.3981 54.994 
0 14.8965 26.0375 33.3248 42.1195 46.0986 47.4066 48.2047 48.9961 49.957 51.1041 51.4521 52.3981 54.994 
0 14.8965 26.0375 33.3248 42.1195 46.0986 47.4066 48.2047 48.9961 49.957 51.1041 51.4521 52.3981 54.994 
0 14.8965 26.0375 33.3248 42.1195 46.0986 47.4066 48.2047 48.9961 49.957 51.1041 51.4521 52.3981 54.994 
0 14.8965 26.0375 33.3248 42.1195 46.0986 47.4066 48.2047 48.9961 49.957 51.1041 51.4521 52.3981 54.994 
0 14.8965 26.0375 33.3248 42.1195 46.0986 47.4066 48.2047 48.9961 49.957 51.1041 51.4521 52.3981 54.994 
0 14.8965 26.0375 33.3248 42.1195 46.0986 47.4066 48.2047 48.9961 49.957 51.1041 51.4521 52.3981 54.994 
0 14.8965 26.0375 33.3248 42.1195 46.0986 47.4066 48.2047 48.9961 49.957 51.1041 51.4521 52.3981 54.994 
0 14.8965 26.0375 33.3248 42.1195 46.0986 47.4066 48.2047 48.9961 49.957 51.1041 51.4521 52.3981 54.994 
0 14.8965 26.0375 33.3248 42.1195 46.0986 47.4066 48.2047 48.9961 49.957 51.1041 51.4521 52.3981 54.994 
0 14.8965 26.0375 33.3248 42.1195 46.0986 47.4066 48.2047 48.9961 49.957 51.1041 51.4521 52.3981 54.994 
0 14.8965 26.0375 33.3248 42.1195 46.0986 47.4066 48.2047 48.9961 49.957 51.1041 51.4521 52.3981 54.994 
0 14.8965 26.0375 33.3248 42.1195 46.0986 47.4066 48.2047 48.9961 49.957 51.1041 51.4521 52.3981 54.994 
0 14.8965 26.0375 33.3248 42.1195 46.0986 47.4066 48.2047 48.9961 49.957 51.1041 51.4521 52.3981 54.994 
0 14.8965 26.0375 33.3248 42.1195 46.0986 47.4066 48.2047 48.9961 49.957 51.1041 51.4521 52.3981 54.994 
0 14.8965 26.0375 33.3248 42.1195 46.0986 47.4066 48.2047 48.9961 49.957 51.1041 51.4521 52.3981 54.994 
0 14.8965 26.0375 33.3248 42.1195 46.0986 47.4066 48.2047 48.9961 49.957 51.1041 51.4521 52.3981 54.994 
0 14.8965 26.0375 33.3248 42.1195 46.0986 47.4066 48.2047 48.9961 49.957 51.1041 51.4521 52.3981 54.994 
0 14.8965 26.0375 33.3248 42.1195 46.0986 47.4066 48.2047 48.9961 49.957 51.1041 51.4521 52.3981 54.994 
0 14.8965 26.0375 33.3248 42.1195 46.0986 47.4066 48.2047 48.9961 49.957 51.1041 51.4521 52.3981 54.994 
0 14.8965 26.0375 33.3248 42.1195 46.0986 47.4066 48.2047 48.9961 49.957 51.1041 51.4521 52.3981 54.994 
0 14.8965 26.0375 33.3248 42.1195 46.0986 47.4066 48.2047 48.9961 49.957 51.1041 51.4521 52.3981 54.994 
0 14.8965 26.0375 33.3248 42.1195 46.0986 47.4066 48.2047 48.9961 49.957 51.1041 51.4521 52.3981 54.994 
0 14.8965 26.0375 33.3248 42.1195 46.0986 47.4066 48.2047 48.9961 49.957 51.1041 51.4521 52.3981 54.994 
0 14.8965 26.0375 33.3248 42.1195 46.0986 47.4066 48.2047 48.9961 49.957 51.1041 51.4521 52.3981 54.994 
0 14.8965 26.0375 33.3248 42.1195 46.0986 47.4066 48.2047 48.9961 49.957 51.1041 51.4521 52.3981 54.994 
0 14.8965 26.0375 33.3248 42.1195 46.0986 47.4066 48.2047 48.9961 49.957 51.1041 51.4521 52.3981 54.994 
0 14.8965 26.0375 33.3248 42.1195 46.0986 47.4066 48.2047 48.9961 49.957 51.1041 51.4521 52.3981 54.994 
0 14.8965 26.0375 33.3248 42.1195 46.0986 47.4066 48.2047 48.9961 49.957 51.1041 51.4521 52.3981 54.994 
0 14.8965 26.0375 33.3248 42.1195 46.0986 47.4066 48.2047 48.9961 49.957 51.1041 51.4521 52.3981 54.994 
0 14.8965 26.0375 33.3248 42.1195 46.0986 47.4066 48.2047 48.9961 49.957 51.1041 51.4521 52.3981 54.994 
0 14.8965 26.0375 33.3248 42.1195 46.0986 47.4066 48.2047 48.9961 49.957 51.1041 51.4521 52.3981 54.994 
0 14.8965 26.0375 33.3248 42.1195 46.0986 47.4066 48.2047 48.9961 49.957 51.1041 51.4521 52.3981 54.994 
0 14.8965 26.0375 33.3248 42.1195 46.0986 47.4066 48.2047 48.9961 49.957 51.1041 51.4521 52.3981 54.994 
