0 0.0404411 0.0559095 0.0596297 0.0626268 0.0646237 0.0675305 0.0744232 0.119377 0.414092 1 
0 0.0516385 0.0594866 0.061994 0.0624384 0.0643191 0.0682129 0.0884012 0.236841 0.581583 1 
0 0.0427869 0.069631 0.094818 0.124626 0.24897 0.420074 0.557774 0.673298 0.810534 1 
0 0.116328 0.185316 0.314684 0.383672 0.5 0.616328 0.685316 0.814684 0.883672 1 
0 0.116328 0.185316 0.314684 0.383672 0.5 0.616328 0.685316 0.814684 0.883672 1 
0 0.116328 0.185316 0.314684 0.383672 0.5 0.616328 0.685316 0.814684 0.883672 1 
0 0.116328 0.185316 0.314684 0.383672 0.5 0.616328 0.685316 0.814684 0.883672 1 
0 0.189466 0.326702 0.442226 0.579926 0.75103 0.875374 0.905182 0.930369 0.957213 1 
0 0.418417 0.763159 0.911599 0.931787 0.935681 0.937562 0.938006 0.940513 0.948361 1 
0 0.585908 0.880623 0.925577 0.932469 0.935376 0.937373 0.94037 0.944091 0.959559 1 
