1.75 1.685
1.75 5.055
1.75 8.57
1.75 12.23
1.75 16.6187
1.75 21.7363
1.75 24.7583
1.75 25.6848
1.75 27.418
1.75 29.958
1.75 32.878
1.75 36.178
1.75 39.098
1.75 41.638
1.75 43.3712
1.75 44.2978
1.75 45.2242
1.75 46.1508
1.75 47.884
1.75 50.424
1.75 53.344
1.75 56.644
1.75 59.564
1.75 62.104
1.75 63.8372
1.75 64.7638
1.75 65.6903
1.75 66.6167
1.75 68.35
1.75 70.89
1.75 73.81
1.75 77.11
1.75 80.03
1.75 82.57
1.75 84.3032
1.75 85.2297
1.75 88.2517
1.75 93.3692
1.75 97.758
1.75 101.418
1.75 104.933
1.75 108.303
5.25 1.685
5.25 5.055
5.25 8.57
5.25 12.23
5.25 16.6187
5.25 21.7363
5.25 24.7583
5.25 25.6848
5.25 27.418
5.25 29.958
5.25 32.878
5.25 36.178
5.25 39.098
5.25 41.638
5.25 43.3712
5.25 44.2978
5.25 45.2242
5.25 46.1508
5.6 47.986
5.6 50.322
5.25 53.344
5.25 56.644
5.6 59.666
5.6 62.002
5.25 63.8372
5.25 64.7638
5.25 65.6903
5.25 66.6167
5.25 68.35
5.25 70.89
5.25 73.81
5.25 77.11
5.25 80.03
5.25 82.57
5.25 84.3032
5.25 85.2297
5.25 88.2517
5.25 93.3692
5.25 97.758
5.25 101.418
5.25 104.933
5.25 108.303
8.905 1.685
8.905 5.055
8.905 8.57
8.905 12.23
8.905 16.6187
8.905 21.7363
8.905 24.7583
8.905 25.6848
8.905 27.418
8.905 29.958
8.905 32.878
8.905 36.178
8.905 39.098
8.905 41.638
8.905 43.3712
8.905 44.2978
8.905 45.2242
8.905 46.1508
8.905 47.504
8.905 48.774
8.905 49.534
8.905 50.804
8.905 53.344
8.905 56.644
8.905 59.184
8.905 60.454
8.905 61.214
8.905 62.484
8.905 63.8372
8.905 64.7638
8.905 65.6903
8.905 66.6167
8.905 68.35
8.905 70.89
8.905 73.81
8.905 77.11
8.905 80.03
8.905 82.57
8.905 84.3032
8.905 85.2297
8.905 88.2517
8.905 93.3692
8.905 97.758
8.905 101.418
8.905 104.933
8.905 108.303
12.715 1.685
12.715 5.055
12.715 8.57
12.715 12.23
12.715 16.6187
12.715 21.7363
12.715 24.7583
12.715 25.6848
12.715 27.418
12.715 29.958
12.715 32.878
12.715 36.178
12.715 39.098
12.715 41.638
12.715 43.3712
12.715 44.2978
12.715 45.2242
12.715 46.1508
12.715 47.504
12.715 48.774
12.715 49.534
12.715 50.804
14.2189 54.1855
14.2189 55.8025
12.715 59.184
12.715 60.454
12.715 61.214
12.715 62.484
12.715 63.8372
12.715 64.7638
12.715 65.6903
12.715 66.6167
12.715 68.35
12.715 70.89
12.715 73.81
12.715 77.11
12.715 80.03
12.715 82.57
12.715 84.3032
12.715 85.2297
12.715 88.2517
12.715 93.3692
12.715 97.758
12.715 101.418
12.715 104.933
12.715 108.303
15.89 1.685
15.89 5.055
15.89 8.57
15.89 12.23
15.89 16.6187
15.89 21.7363
15.89 24.7583
15.89 25.6848
15.89 27.418
15.89 29.958
15.89 32.878
15.89 36.178
15.89 39.098
15.89 41.638
15.89 43.3712
15.89 44.2978
15.89 45.2242
15.89 46.1508
15.89 47.504
15.89 48.774
15.89 49.534
15.9433 50.982
15.3883 52.2968
15.3883 53.5023
15.3883 54.1367
15.3883 54.2003
15.3883 54.2638
15.3883 54.3273
15.3883 54.3907
15.3883 54.4543
15.3883 54.5177
15.3883 54.5812
15.3883 54.6448
15.3883 54.7083
15.3883 54.7717
15.3883 54.8353
15.3883 54.8987
15.3883 54.9623
16.6583 52.2968
16.6583 53.5023
16.6583 54.1367
16.6583 54.2003
16.6583 54.2638
16.6583 54.3273
16.6583 54.3907
16.6583 54.4543
16.6583 54.5177
16.6583 54.5812
16.6583 54.6448
16.6583 54.7083
16.6583 54.7717
16.6583 54.8353
16.6583 54.8987
16.6583 54.9623
15.3883 55.0258
15.3883 55.0893
15.3883 55.1527
15.3883 55.2163
15.3883 55.2797
15.3883 55.3432
15.3883 55.4068
15.3883 55.4703
15.3883 55.5337
15.3883 55.5973
15.3883 55.6608
15.3883 55.7243
15.3883 55.7878
15.3883 55.8513
15.3883 56.4858
15.3883 57.6913
16.6583 55.0258
16.6583 55.0893
16.6583 55.1527
16.6583 55.2163
16.6583 55.2797
16.6583 55.3432
16.6583 55.4068
16.6583 55.4703
16.6583 55.5337
16.6583 55.5973
16.6583 55.6608
16.6583 55.7243
16.6583 55.7878
16.6583 55.8513
16.6583 56.4858
16.6583 57.6913
15.9433 59.006
15.89 60.454
15.89 61.214
15.89 62.484
15.89 63.8372
15.89 64.7638
15.89 65.6903
15.89 66.6167
15.89 68.35
15.89 70.89
15.89 73.81
15.89 77.11
15.89 80.03
15.89 82.57
15.89 84.3032
15.89 85.2297
15.89 88.2517
15.89 93.3692
15.89 97.758
15.89 101.418
15.89 104.933
15.89 108.303
18.43 1.685
18.43 5.055
18.43 8.57
18.43 12.23
18.43 16.6187
18.43 21.7363
18.43 24.7583
18.43 25.6848
18.43 27.418
18.43 29.958
18.43 32.878
18.43 36.178
18.43 39.098
18.43 41.638
18.43 43.3712
18.43 44.2978
18.43 45.2242
18.43 46.1508
18.43 47.504
18.43 48.774
18.43 49.534
18.3767 50.982
17.6617 52.2968
17.6617 53.5023
17.6617 54.1367
17.6617 54.2003
17.6617 54.2638
17.6617 54.3273
17.6617 54.3907
17.6617 54.4543
17.6617 54.5177
17.6617 54.5812
17.6617 54.6448
17.6617 54.7083
17.6617 54.7717
17.6617 54.8353
17.6617 54.8987
17.6617 54.9623
18.9318 52.2968
18.9318 53.5023
18.9318 54.1367
18.9318 54.2003
18.9318 54.2638
18.9318 54.3273
18.9318 54.3907
18.9318 54.4543
18.9318 54.5177
18.9318 54.5812
18.9318 54.6448
18.9318 54.7083
18.9318 54.7717
18.9318 54.8353
18.9318 54.8987
18.9318 54.9623
17.6617 55.0258
17.6617 55.0893
17.6617 55.1527
17.6617 55.2163
17.6617 55.2797
17.6617 55.3432
17.6617 55.4068
17.6617 55.4703
17.6617 55.5337
17.6617 55.5973
17.6617 55.6608
17.6617 55.7243
17.6617 55.7878
17.6617 55.8513
17.6617 56.4858
17.6617 57.6913
18.9318 55.0258
18.9318 55.0893
18.9318 55.1527
18.9318 55.2163
18.9318 55.2797
18.9318 55.3432
18.9318 55.4068
18.9318 55.4703
18.9318 55.5337
18.9318 55.5973
18.9318 55.6608
18.9318 55.7243
18.9318 55.7878
18.9318 55.8513
18.9318 56.4858
18.9318 57.6913
18.3767 59.006
18.43 60.454
18.43 61.214
18.43 62.484
18.43 63.8372
18.43 64.7638
18.43 65.6903
18.43 66.6167
18.43 68.35
18.43 70.89
18.43 73.81
18.43 77.11
18.43 80.03
18.43 82.57
18.43 84.3032
18.43 85.2297
18.43 88.2517
18.43 93.3692
18.43 97.758
18.43 101.418
18.43 104.933
18.43 108.303
21.605 1.685
21.605 5.055
21.605 8.57
21.605 12.23
21.605 16.6187
21.605 21.7363
21.605 24.7583
21.605 25.6848
21.605 27.418
21.605 29.958
21.605 32.878
21.605 36.178
21.605 39.098
21.605 41.638
21.605 43.3712
21.605 44.2978
21.605 45.2242
21.605 46.1508
21.605 47.504
21.605 48.774
21.605 49.534
21.605 50.804
20.1011 54.1855
20.1011 55.8025
21.605 59.184
21.605 60.454
21.605 61.214
21.605 62.484
21.605 63.8372
21.605 64.7638
21.605 65.6903
21.605 66.6167
21.605 68.35
21.605 70.89
21.605 73.81
21.605 77.11
21.605 80.03
21.605 82.57
21.605 84.3032
21.605 85.2297
21.605 88.2517
21.605 93.3692
21.605 97.758
21.605 101.418
21.605 104.933
21.605 108.303
25.415 1.685
25.415 5.055
25.415 8.57
25.415 12.23
25.415 16.6187
25.415 21.7363
25.415 24.7583
25.415 25.6848
25.415 27.418
25.415 29.958
25.415 32.878
25.415 36.178
25.415 39.098
25.415 41.638
25.415 43.3712
25.415 44.2978
25.415 45.2242
25.415 46.1508
25.415 47.504
25.415 48.774
25.415 49.534
25.415 50.804
25.415 53.344
25.415 56.644
25.415 59.184
25.415 60.454
25.415 61.214
25.415 62.484
25.415 63.8372
25.415 64.7638
25.415 65.6903
25.415 66.6167
25.415 68.35
25.415 70.89
25.415 73.81
25.415 77.11
25.415 80.03
25.415 82.57
25.415 84.3032
25.415 85.2297
25.415 88.2517
25.415 93.3692
25.415 97.758
25.415 101.418
25.415 104.933
25.415 108.303
28.91 1.685
28.91 5.055
28.91 8.57
28.91 12.23
28.91 16.6187
28.91 21.7363
28.91 24.7583
28.91 25.6848
28.91 27.418
28.91 29.958
28.91 32.878
28.91 36.178
28.91 39.098
28.91 41.638
28.91 43.3712
28.91 44.2978
28.91 45.2242
28.91 46.1508
28.592 47.986
28.592 50.322
28.91 53.344
28.91 56.644
28.592 59.666
28.592 62.002
28.91 63.8372
28.91 64.7638
28.91 65.6903
28.91 66.6167
28.91 68.35
28.91 70.89
28.91 73.81
28.91 77.11
28.91 80.03
28.91 82.57
28.91 84.3032
28.91 85.2297
28.91 88.2517
28.91 93.3692
28.91 97.758
28.91 101.418
28.91 104.933
28.91 108.303
32.09 1.685
32.09 5.055
32.09 8.57
32.09 12.23
32.09 16.6187
32.09 21.7363
32.09 24.7583
32.09 25.6848
32.09 27.418
32.09 29.958
32.09 32.878
32.09 36.178
32.09 39.098
32.09 41.638
32.09 43.3712
32.09 44.2978
32.09 45.2242
32.09 46.1508
32.09 47.884
32.09 50.424
32.09 53.344
32.09 56.644
32.09 59.564
32.09 62.104
32.09 63.8372
32.09 64.7638
32.09 65.6903
32.09 66.6167
32.09 68.35
32.09 70.89
32.09 73.81
32.09 77.11
32.09 80.03
32.09 82.57
32.09 84.3032
32.09 85.2297
32.09 88.2517
32.09 93.3692
32.09 97.758
32.09 101.418
32.09 104.933
32.09 108.303
34.95 1.685
34.95 5.055
34.95 8.57
34.95 12.23
34.95 16.6187
34.95 21.7363
34.95 24.7583
34.95 25.6848
34.95 27.418
34.95 29.958
34.95 32.878
34.95 36.178
34.95 39.098
34.95 41.638
34.95 43.3712
34.95 44.2978
34.95 45.2242
34.95 46.1508
34.95 47.884
34.95 50.424
34.95 53.344
34.95 56.644
34.95 59.564
34.95 62.104
34.95 63.8372
34.95 64.7638
34.95 65.6903
34.95 66.6167
34.95 68.35
34.95 70.89
34.95 73.81
34.95 77.11
34.95 80.03
34.95 82.57
34.95 84.3032
34.95 85.2297
34.95 88.2517
34.95 93.3692
34.95 97.758
34.95 101.418
34.95 104.933
34.95 108.303
37.49 1.685
37.49 5.055
37.49 8.57
37.49 12.23
37.49 16.6187
37.49 21.7363
37.49 24.7583
37.49 25.6848
37.49 27.418
37.49 29.958
37.49 32.878
37.49 36.178
37.49 39.098
37.49 41.638
37.49 43.3712
37.49 44.2978
37.49 45.2242
37.49 46.1508
37.49 47.884
37.49 50.424
37.49 53.344
37.49 56.644
37.49 59.564
37.49 62.104
37.49 63.8372
37.49 64.7638
37.49 65.6903
37.49 66.6167
37.49 68.35
37.49 70.89
37.49 73.81
37.49 77.11
37.49 80.03
37.49 82.57
37.49 84.3032
37.49 85.2297
37.49 88.2517
37.49 93.3692
37.49 97.758
37.49 101.418
37.49 104.933
37.49 108.303
40.41 1.685
40.41 5.055
40.41 8.57
40.41 12.23
40.41 16.6187
40.41 21.7363
40.41 24.7583
40.41 25.6848
40.41 27.418
40.41 29.958
40.41 32.878
40.41 36.178
40.41 39.098
40.41 41.638
40.41 43.3712
40.41 44.2978
40.41 45.2242
40.41 46.1508
40.41 47.884
40.41 50.424
40.41 53.344
40.41 56.644
40.41 59.564
40.41 62.104
40.41 63.8372
40.41 64.7638
40.41 65.6903
40.41 66.6167
40.41 68.35
40.41 70.89
40.41 73.81
40.41 77.11
40.41 80.03
40.41 82.57
40.41 84.3032
40.41 85.2297
40.41 88.2517
40.41 93.3692
40.41 97.758
40.41 101.418
40.41 104.933
40.41 108.303
43.71 1.685
43.71 5.055
43.71 8.57
43.71 12.23
43.71 16.6187
43.71 21.7363
43.71 24.7583
43.71 25.6848
43.71 27.418
43.71 29.958
43.71 32.878
43.71 36.178
43.71 39.098
43.71 41.638
43.71 43.3712
43.71 44.2978
43.71 45.2242
43.71 46.1508
43.71 47.884
43.71 50.424
43.71 53.344
43.71 56.644
43.71 59.564
43.71 62.104
43.71 63.8372
43.71 64.7638
43.71 65.6903
43.71 66.6167
43.71 68.35
43.71 70.89
43.71 73.81
43.71 77.11
43.71 80.03
43.71 82.57
43.71 84.3032
43.71 85.2297
43.71 88.2517
43.71 93.3692
43.71 97.758
43.71 101.418
43.71 104.933
43.71 108.303
46.63 1.685
46.63 5.055
46.63 8.57
46.63 12.23
46.63 16.6187
46.63 21.7363
46.63 24.7583
46.63 25.6848
46.63 27.418
46.63 29.958
46.63 32.878
46.63 36.178
46.63 39.098
46.63 41.638
46.63 43.3712
46.63 44.2978
46.63 45.2242
46.63 46.1508
46.63 47.884
46.63 50.424
46.63 53.344
46.63 56.644
46.63 59.564
46.63 62.104
46.63 63.8372
46.63 64.7638
46.63 65.6903
46.63 66.6167
46.63 68.35
46.63 70.89
46.63 73.81
46.63 77.11
46.63 80.03
46.63 82.57
46.63 84.3032
46.63 85.2297
46.63 88.2517
46.63 93.3692
46.63 97.758
46.63 101.418
46.63 104.933
46.63 108.303
49.17 1.685
49.17 5.055
49.17 8.57
49.17 12.23
49.17 16.6187
49.17 21.7363
49.17 24.7583
49.17 25.6848
49.17 27.418
49.17 29.958
49.17 32.878
49.17 36.178
49.17 39.098
49.17 41.638
49.17 43.3712
49.17 44.2978
49.17 45.2242
49.17 46.1508
49.17 47.884
49.17 50.424
49.17 53.344
49.17 56.644
49.17 59.564
49.17 62.104
49.17 63.8372
49.17 64.7638
49.17 65.6903
49.17 66.6167
49.17 68.35
49.17 70.89
49.17 73.81
49.17 77.11
49.17 80.03
49.17 82.57
49.17 84.3032
49.17 85.2297
49.17 88.2517
49.17 93.3692
49.17 97.758
49.17 101.418
49.17 104.933
49.17 108.303
51.71 1.685
51.71 5.055
51.71 8.57
51.71 12.23
51.71 16.6187
51.71 21.7363
51.71 24.7583
51.71 25.6848
51.71 27.418
51.71 29.958
51.71 32.878
51.71 36.178
51.71 39.098
51.71 41.638
51.71 43.3712
51.71 44.2978
51.71 45.2242
51.71 46.1508
51.71 47.884
51.71 50.424
51.71 53.344
51.71 56.644
51.71 59.564
51.71 62.104
51.71 63.8372
51.71 64.7638
51.71 65.6903
51.71 66.6167
51.71 68.35
51.71 70.89
51.71 73.81
51.71 77.11
51.71 80.03
51.71 82.57
51.71 84.3032
51.71 85.2297
51.71 88.2517
51.71 93.3692
51.71 97.758
51.71 101.418
51.71 104.933
51.71 108.303
54.25 1.685
54.25 5.055
54.25 8.57
54.25 12.23
54.25 16.6187
54.25 21.7363
54.25 24.7583
54.25 25.6848
54.25 27.418
54.25 29.958
54.25 32.878
54.25 36.178
54.25 39.098
54.25 41.638
54.25 43.3712
54.25 44.2978
54.25 45.2242
54.25 46.1508
54.25 47.884
54.25 50.424
54.25 53.344
54.25 56.644
54.25 59.564
54.25 62.104
54.25 63.8372
54.25 64.7638
54.25 65.6903
54.25 66.6167
54.25 68.35
54.25 70.89
54.25 73.81
54.25 77.11
54.25 80.03
54.25 82.57
54.25 84.3032
54.25 85.2297
54.25 88.2517
54.25 93.3692
54.25 97.758
54.25 101.418
54.25 104.933
54.25 108.303
57.17 1.685
57.17 5.055
57.17 8.57
57.17 12.23
57.17 16.6187
57.17 21.7363
57.17 24.7583
57.17 25.6848
57.17 27.418
57.17 29.958
57.17 32.878
57.17 36.178
57.17 39.098
57.17 41.638
57.17 43.3712
57.17 44.2978
57.17 45.2242
57.17 46.1508
57.17 47.884
57.17 50.424
57.17 53.344
57.17 56.644
57.17 59.564
57.17 62.104
57.17 63.8372
57.17 64.7638
57.17 65.6903
57.17 66.6167
57.17 68.35
57.17 70.89
57.17 73.81
57.17 77.11
57.17 80.03
57.17 82.57
57.17 84.3032
57.17 85.2297
57.17 88.2517
57.17 93.3692
57.17 97.758
57.17 101.418
57.17 104.933
57.17 108.303
60.47 1.685
60.47 5.055
60.47 8.57
60.47 12.23
60.47 16.6187
60.47 21.7363
60.47 24.7583
60.47 25.6848
60.47 27.418
60.47 29.958
60.47 32.878
60.47 36.178
60.47 39.098
60.47 41.638
60.47 43.3712
60.47 44.2978
60.47 45.2242
60.47 46.1508
60.47 47.884
60.47 50.424
60.47 53.344
60.47 56.644
60.47 59.564
60.47 62.104
60.47 63.8372
60.47 64.7638
60.47 65.6903
60.47 66.6167
60.47 68.35
60.47 70.89
60.47 73.81
60.47 77.11
60.47 80.03
60.47 82.57
60.47 84.3032
60.47 85.2297
60.47 88.2517
60.47 93.3692
60.47 97.758
60.47 101.418
60.47 104.933
60.47 108.303
63.39 1.685
63.39 5.055
63.39 8.57
63.39 12.23
63.39 16.6187
63.39 21.7363
63.39 24.7583
63.39 25.6848
63.39 27.418
63.39 29.958
63.39 32.878
63.39 36.178
63.39 39.098
63.39 41.638
63.39 43.3712
63.39 44.2978
63.39 45.2242
63.39 46.1508
63.39 47.884
63.39 50.424
63.39 53.344
63.39 56.644
63.39 59.564
63.39 62.104
63.39 63.8372
63.39 64.7638
63.39 65.6903
63.39 66.6167
63.39 68.35
63.39 70.89
63.39 73.81
63.39 77.11
63.39 80.03
63.39 82.57
63.39 84.3032
63.39 85.2297
63.39 88.2517
63.39 93.3692
63.39 97.758
63.39 101.418
63.39 104.933
63.39 108.303
65.93 1.685
65.93 5.055
65.93 8.57
65.93 12.23
65.93 16.6187
65.93 21.7363
65.93 24.7583
65.93 25.6848
65.93 27.418
65.93 29.958
65.93 32.878
65.93 36.178
65.93 39.098
65.93 41.638
65.93 43.3712
65.93 44.2978
65.93 45.2242
65.93 46.1508
66.8613 47.884
66.8613 50.886
65.93 53.344
65.93 56.644
66.8613 59.102
66.8613 62.104
65.93 63.8372
65.93 64.7638
65.93 65.6903
65.93 66.6167
65.93 68.35
65.93 70.89
65.93 73.81
65.93 77.11
65.93 80.03
65.93 82.57
65.93 84.3032
65.93 85.2297
65.93 88.2517
65.93 93.3692
65.93 97.758
65.93 101.418
65.93 104.933
65.93 108.303
68.47 1.685
68.47 5.055
68.47 8.57
68.47 12.23
68.47 16.6187
68.47 21.7363
68.47 24.7583
68.47 25.6848
68.47 27.418
68.47 29.958
68.47 32.878
68.47 36.178
68.47 39.098
68.47 41.638
68.47 43.3712
68.47 44.2978
68.47 45.2242
68.47 46.4905
67.3058 46.7198
67.3058 46.9315
67.3058 47.1432
67.3058 47.3548
67.3058 47.5665
67.3058 47.7782
67.3058 47.9898
67.3058 48.2015
67.3058 48.4132
67.3058 48.6248
67.3058 48.8365
67.3058 49.0482
67.5175 46.7198
67.5175 46.9315
67.5175 47.1432
67.5175 47.3548
67.5175 47.5665
67.5175 47.7782
67.5175 47.9898
67.5175 48.2015
67.5175 48.4132
67.5175 48.6248
67.5175 48.8365
67.5175 49.0482
67.7292 46.7198
67.7292 46.9315
67.7292 47.1432
67.7292 47.3548
67.7292 47.5665
67.7292 47.7782
67.7292 47.9898
67.7292 48.2015
67.7292 48.4132
67.7292 48.6248
67.7292 48.8365
67.7292 49.0482
67.9408 46.7198
67.9408 46.9315
67.9408 47.1432
67.9408 47.3548
67.9408 47.5665
67.9408 47.7782
67.9408 47.9898
67.9408 48.2015
67.9408 48.4132
67.9408 48.6248
67.9408 48.8365
67.9408 49.0482
68.1525 46.7198
68.1525 46.9315
68.1525 47.1432
68.1525 47.3548
68.1525 47.5665
68.1525 47.7782
68.1525 47.9898
68.1525 48.2015
68.1525 48.4132
68.1525 48.6248
68.1525 48.8365
68.1525 49.0482
68.3642 46.7198
68.3642 46.9315
68.3642 47.1432
68.3642 47.3548
68.3642 47.5665
68.3642 47.7782
68.3642 47.9898
68.3642 48.2015
68.3642 48.4132
68.3642 48.6248
68.3642 48.8365
68.3642 49.0482
68.5758 46.7198
68.5758 46.9315
68.5758 47.1432
68.5758 47.3548
68.5758 47.5665
68.5758 47.7782
68.5758 47.9898
68.5758 48.2015
68.5758 48.4132
68.5758 48.6248
68.5758 48.8365
68.5758 49.0482
68.7875 46.7198
68.7875 46.9315
68.7875 47.1432
68.7875 47.3548
68.7875 47.5665
68.7875 47.7782
68.7875 47.9898
68.7875 48.2015
68.7875 48.4132
68.7875 48.6248
68.7875 48.8365
68.7875 49.0482
68.9992 46.7198
68.9992 46.9315
68.9992 47.1432
68.9992 47.3548
68.9992 47.5665
68.9992 47.7782
68.9992 47.9898
68.9992 48.2015
68.9992 48.4132
68.9992 48.6248
68.9992 48.8365
68.9992 49.0482
69.2108 46.7198
69.2108 46.9315
69.2108 47.1432
69.2108 47.3548
69.2108 47.5665
69.2108 47.7782
69.2108 47.9898
69.2108 48.2015
69.2108 48.4132
69.2108 48.6248
69.2108 48.8365
69.2108 49.0482
69.4225 46.7198
69.4225 46.9315
69.4225 47.1432
69.4225 47.3548
69.4225 47.5665
69.4225 47.7782
69.4225 47.9898
69.4225 48.2015
69.4225 48.4132
69.4225 48.6248
69.4225 48.8365
69.4225 49.0482
69.6342 46.7198
69.6342 46.9315
69.6342 47.1432
69.6342 47.3548
69.6342 47.5665
69.6342 47.7782
69.6342 47.9898
69.6342 48.2015
69.6342 48.4132
69.6342 48.6248
69.6342 48.8365
69.6342 49.0482
67.3058 49.4523
67.3058 50.049
67.3058 50.6457
67.3058 50.9856
67.3058 51.069
67.3058 51.1523
67.3058 51.2355
67.3058 51.319
67.3058 51.4025
67.3058 51.4856
67.3058 51.5692
67.3058 51.6525
67.5175 49.4523
67.5175 50.049
67.5175 50.6457
67.5175 50.9856
67.5175 51.069
67.5175 51.1523
67.5175 51.2355
67.5175 51.319
67.5175 51.4025
67.5175 51.4856
67.5175 51.5692
67.5175 51.6525
67.7292 49.4523
67.7292 50.049
67.7292 50.6457
67.7292 50.9856
67.7292 51.069
67.7292 51.1523
67.7292 51.2355
67.7292 51.319
67.7292 51.4025
67.7292 51.4856
67.7292 51.5692
67.7292 51.6525
67.9408 49.4523
67.9408 50.049
67.9408 50.6457
67.9408 50.9856
67.9408 51.069
67.9408 51.1523
67.9408 51.2355
67.9408 51.319
67.9408 51.4025
67.9408 51.4856
67.9408 51.5692
67.9408 51.6525
68.1525 49.4523
68.1525 50.049
68.1525 50.6457
68.1525 50.9856
68.1525 51.069
68.1525 51.1523
68.1525 51.2355
68.1525 51.319
68.1525 51.4025
68.1525 51.4856
68.1525 51.5692
68.1525 51.6525
68.3642 49.4523
68.3642 50.049
68.3642 50.6457
68.3642 50.9856
68.3642 51.069
68.3642 51.1523
68.3642 51.2355
68.3642 51.319
68.3642 51.4025
68.3642 51.4856
68.3642 51.5692
68.3642 51.6525
68.5758 49.4523
68.5758 50.049
68.5758 50.6457
68.5758 50.9856
68.5758 51.069
68.5758 51.1523
68.5758 51.2355
68.5758 51.319
68.5758 51.4025
68.5758 51.4856
68.5758 51.5692
68.5758 51.6525
68.7875 49.4523
68.7875 50.049
68.7875 50.6457
68.7875 50.9856
68.7875 51.069
68.7875 51.1523
68.7875 51.2355
68.7875 51.319
68.7875 51.4025
68.7875 51.4856
68.7875 51.5692
68.7875 51.6525
68.9992 49.4523
68.9992 50.049
68.9992 50.6457
68.9992 50.9856
68.9992 51.069
68.9992 51.1523
68.9992 51.2355
68.9992 51.319
68.9992 51.4025
68.9992 51.4856
68.9992 51.5692
68.9992 51.6525
69.2108 49.4523
69.2108 50.049
69.2108 50.6457
69.2108 50.9856
69.2108 51.069
69.2108 51.1523
69.2108 51.2355
69.2108 51.319
69.2108 51.4025
69.2108 51.4856
69.2108 51.5692
69.2108 51.6525
69.4225 49.4523
69.4225 50.049
69.4225 50.6457
69.4225 50.9856
69.4225 51.069
69.4225 51.1523
69.4225 51.2355
69.4225 51.319
69.4225 51.4025
69.4225 51.4856
69.4225 51.5692
69.4225 51.6525
69.6342 49.4523
69.6342 50.049
69.6342 50.6457
69.6342 50.9856
69.6342 51.069
69.6342 51.1523
69.6342 51.2355
69.6342 51.319
69.6342 51.4025
69.6342 51.4856
69.6342 51.5692
69.6342 51.6525
67.3058 53.344
67.5175 53.344
67.7292 53.344
67.9408 53.344
68.1525 53.344
68.3642 53.344
68.5758 53.344
68.7875 53.344
68.9992 53.344
69.2108 53.344
69.4225 53.344
69.6342 53.344
67.3058 56.644
67.5175 56.644
67.7292 56.644
67.9408 56.644
68.1525 56.644
68.3642 56.644
68.5758 56.644
68.7875 56.644
68.9992 56.644
69.2108 56.644
69.4225 56.644
69.6342 56.644
67.3058 58.3355
67.3058 58.419
67.3058 58.5025
67.3058 58.5855
67.3058 58.669
67.3058 58.7525
67.3058 58.8357
67.3058 58.919
67.3058 59.0023
67.3058 59.3423
67.3058 59.939
67.3058 60.5357
67.5175 58.3355
67.5175 58.419
67.5175 58.5025
67.5175 58.5855
67.5175 58.669
67.5175 58.7525
67.5175 58.8357
67.5175 58.919
67.5175 59.0023
67.5175 59.3423
67.5175 59.939
67.5175 60.5357
67.7292 58.3355
67.7292 58.419
67.7292 58.5025
67.7292 58.5855
67.7292 58.669
67.7292 58.7525
67.7292 58.8357
67.7292 58.919
67.7292 59.0023
67.7292 59.3423
67.7292 59.939
67.7292 60.5357
67.9408 58.3355
67.9408 58.419
67.9408 58.5025
67.9408 58.5855
67.9408 58.669
67.9408 58.7525
67.9408 58.8357
67.9408 58.919
67.9408 59.0023
67.9408 59.3423
67.9408 59.939
67.9408 60.5357
68.1525 58.3355
68.1525 58.419
68.1525 58.5025
68.1525 58.5855
68.1525 58.669
68.1525 58.7525
68.1525 58.8357
68.1525 58.919
68.1525 59.0023
68.1525 59.3423
68.1525 59.939
68.1525 60.5357
68.3642 58.3355
68.3642 58.419
68.3642 58.5025
68.3642 58.5855
68.3642 58.669
68.3642 58.7525
68.3642 58.8357
68.3642 58.919
68.3642 59.0023
68.3642 59.3423
68.3642 59.939
68.3642 60.5357
68.5758 58.3355
68.5758 58.419
68.5758 58.5025
68.5758 58.5855
68.5758 58.669
68.5758 58.7525
68.5758 58.8357
68.5758 58.919
68.5758 59.0023
68.5758 59.3423
68.5758 59.939
68.5758 60.5357
68.7875 58.3355
68.7875 58.419
68.7875 58.5025
68.7875 58.5855
68.7875 58.669
68.7875 58.7525
68.7875 58.8357
68.7875 58.919
68.7875 59.0023
68.7875 59.3423
68.7875 59.939
68.7875 60.5357
68.9992 58.3355
68.9992 58.419
68.9992 58.5025
68.9992 58.5855
68.9992 58.669
68.9992 58.7525
68.9992 58.8357
68.9992 58.919
68.9992 59.0023
68.9992 59.3423
68.9992 59.939
68.9992 60.5357
69.2108 58.3355
69.2108 58.419
69.2108 58.5025
69.2108 58.5855
69.2108 58.669
69.2108 58.7525
69.2108 58.8357
69.2108 58.919
69.2108 59.0023
69.2108 59.3423
69.2108 59.939
69.2108 60.5357
69.4225 58.3355
69.4225 58.419
69.4225 58.5025
69.4225 58.5855
69.4225 58.669
69.4225 58.7525
69.4225 58.8357
69.4225 58.919
69.4225 59.0023
69.4225 59.3423
69.4225 59.939
69.4225 60.5357
69.6342 58.3355
69.6342 58.419
69.6342 58.5025
69.6342 58.5855
69.6342 58.669
69.6342 58.7525
69.6342 58.8357
69.6342 58.919
69.6342 59.0023
69.6342 59.3423
69.6342 59.939
69.6342 60.5357
67.3058 60.9398
67.3058 61.1515
67.3058 61.3632
67.3058 61.5748
67.3058 61.7865
67.3058 61.9982
67.3058 62.2098
67.3058 62.4215
67.3058 62.6332
67.3058 62.8448
67.3058 63.0565
67.3058 63.2682
67.5175 60.9398
67.5175 61.1515
67.5175 61.3632
67.5175 61.5748
67.5175 61.7865
67.5175 61.9982
67.5175 62.2098
67.5175 62.4215
67.5175 62.6332
67.5175 62.8448
67.5175 63.0565
67.5175 63.2682
67.7292 60.9398
67.7292 61.1515
67.7292 61.3632
67.7292 61.5748
67.7292 61.7865
67.7292 61.9982
67.7292 62.2098
67.7292 62.4215
67.7292 62.6332
67.7292 62.8448
67.7292 63.0565
67.7292 63.2682
67.9408 60.9398
67.9408 61.1515
67.9408 61.3632
67.9408 61.5748
67.9408 61.7865
67.9408 61.9982
67.9408 62.2098
67.9408 62.4215
67.9408 62.6332
67.9408 62.8448
67.9408 63.0565
67.9408 63.2682
68.1525 60.9398
68.1525 61.1515
68.1525 61.3632
68.1525 61.5748
68.1525 61.7865
68.1525 61.9982
68.1525 62.2098
68.1525 62.4215
68.1525 62.6332
68.1525 62.8448
68.1525 63.0565
68.1525 63.2682
68.3642 60.9398
68.3642 61.1515
68.3642 61.3632
68.3642 61.5748
68.3642 61.7865
68.3642 61.9982
68.3642 62.2098
68.3642 62.4215
68.3642 62.6332
68.3642 62.8448
68.3642 63.0565
68.3642 63.2682
68.5758 60.9398
68.5758 61.1515
68.5758 61.3632
68.5758 61.5748
68.5758 61.7865
68.5758 61.9982
68.5758 62.2098
68.5758 62.4215
68.5758 62.6332
68.5758 62.8448
68.5758 63.0565
68.5758 63.2682
68.7875 60.9398
68.7875 61.1515
68.7875 61.3632
68.7875 61.5748
68.7875 61.7865
68.7875 61.9982
68.7875 62.2098
68.7875 62.4215
68.7875 62.6332
68.7875 62.8448
68.7875 63.0565
68.7875 63.2682
68.9992 60.9398
68.9992 61.1515
68.9992 61.3632
68.9992 61.5748
68.9992 61.7865
68.9992 61.9982
68.9992 62.2098
68.9992 62.4215
68.9992 62.6332
68.9992 62.8448
68.9992 63.0565
68.9992 63.2682
69.2108 60.9398
69.2108 61.1515
69.2108 61.3632
69.2108 61.5748
69.2108 61.7865
69.2108 61.9982
69.2108 62.2098
69.2108 62.4215
69.2108 62.6332
69.2108 62.8448
69.2108 63.0565
69.2108 63.2682
69.4225 60.9398
69.4225 61.1515
69.4225 61.3632
69.4225 61.5748
69.4225 61.7865
69.4225 61.9982
69.4225 62.2098
69.4225 62.4215
69.4225 62.6332
69.4225 62.8448
69.4225 63.0565
69.4225 63.2682
69.6342 60.9398
69.6342 61.1515
69.6342 61.3632
69.6342 61.5748
69.6342 61.7865
69.6342 61.9982
69.6342 62.2098
69.6342 62.4215
69.6342 62.6332
69.6342 62.8448
69.6342 63.0565
69.6342 63.2682
68.47 63.4975
68.47 64.7638
68.47 65.6903
68.47 66.6167
68.47 68.35
68.47 70.89
68.47 73.81
68.47 77.11
68.47 80.03
68.47 82.57
68.47 84.3032
68.47 85.2297
68.47 88.2517
68.47 93.3692
68.47 97.758
68.47 101.418
68.47 104.933
68.47 108.303
71.01 1.685
71.01 5.055
71.01 8.57
71.01 12.23
71.01 16.6187
71.01 21.7363
71.01 24.7583
71.01 25.6848
71.01 27.418
71.01 29.958
71.01 32.878
71.01 36.178
71.01 39.098
71.01 41.638
71.01 43.3712
71.01 44.2978
71.01 45.2242
71.472 46.4905
70.0383 46.7198
70.0383 46.9315
70.0383 47.1432
70.0383 47.3548
70.0383 47.5665
70.0383 47.7782
70.0383 47.9898
70.0383 48.2015
70.0383 48.4132
70.0383 48.6248
70.0383 48.8365
70.0383 49.0482
70.635 46.7198
70.635 46.9315
70.635 47.1432
70.635 47.3548
70.635 47.5665
70.635 47.7782
70.635 47.9898
70.635 48.2015
70.635 48.4132
70.635 48.6248
70.635 48.8365
70.635 49.0482
71.2317 46.7198
71.2317 46.9315
71.2317 47.1432
71.2317 47.3548
71.2317 47.5665
71.2317 47.7782
71.2317 47.9898
71.2317 48.2015
71.2317 48.4132
71.2317 48.6248
71.2317 48.8365
71.2317 49.0482
71.5717 46.7198
71.5717 46.9315
71.5717 47.1432
71.5717 47.3548
71.5717 47.5665
71.5717 47.7782
71.5717 47.9898
71.5717 48.2015
71.5717 48.4132
71.5717 48.6248
71.5717 48.8365
71.5717 49.0482
71.655 46.7198
71.655 46.9315
71.655 47.1432
71.655 47.3548
71.655 47.5665
71.655 47.7782
71.655 47.9898
71.655 48.2015
71.655 48.4132
71.655 48.6248
71.655 48.8365
71.655 49.0482
71.7383 46.7198
71.7383 46.9315
71.7383 47.1432
71.7383 47.3548
71.7383 47.5665
71.7383 47.7782
71.7383 47.9898
71.7383 48.2015
71.7383 48.4132
71.7383 48.6248
71.7383 48.8365
71.7383 49.0482
71.8215 46.7198
71.8215 46.9315
71.8215 47.1432
71.8215 47.3548
71.8215 47.5665
71.8215 47.7782
71.8215 47.9898
71.8215 48.2015
71.8215 48.4132
71.8215 48.6248
71.8215 48.8365
71.8215 49.0482
71.905 46.7198
71.905 46.9315
71.905 47.1432
71.905 47.3548
71.905 47.5665
71.905 47.7782
71.905 47.9898
71.905 48.2015
71.905 48.4132
71.905 48.6248
71.905 48.8365
71.905 49.0482
71.9885 46.7198
71.9885 46.9315
71.9885 47.1432
71.9885 47.3548
71.9885 47.5665
71.9885 47.7782
71.9885 47.9898
71.9885 48.2015
71.9885 48.4132
71.9885 48.6248
71.9885 48.8365
71.9885 49.0482
72.0717 46.7198
72.0717 46.9315
72.0717 47.1432
72.0717 47.3548
72.0717 47.5665
72.0717 47.7782
72.0717 47.9898
72.0717 48.2015
72.0717 48.4132
72.0717 48.6248
72.0717 48.8365
72.0717 49.0482
72.1552 46.7198
72.1552 46.9315
72.1552 47.1432
72.1552 47.3548
72.1552 47.5665
72.1552 47.7782
72.1552 47.9898
72.1552 48.2015
72.1552 48.4132
72.1552 48.6248
72.1552 48.8365
72.1552 49.0482
72.2385 46.7198
72.2385 46.9315
72.2385 47.1432
72.2385 47.3548
72.2385 47.5665
72.2385 47.7782
72.2385 47.9898
72.2385 48.2015
72.2385 48.4132
72.2385 48.6248
72.2385 48.8365
72.2385 49.0482
70.0383 49.4523
70.0383 50.049
70.0383 50.6457
70.0383 50.9856
70.0383 51.069
70.0383 51.1523
70.0383 51.2355
70.0383 51.319
70.0383 51.4025
70.0383 51.4856
70.0383 51.5692
70.0383 51.6525
70.635 49.4523
70.635 50.049
70.635 50.6457
70.635 50.9856
70.635 51.069
70.635 51.1523
70.635 51.2355
70.635 51.319
70.635 51.4025
70.635 51.4856
70.635 51.5692
70.635 51.6525
71.2317 49.4523
71.2317 50.049
71.2317 50.6457
71.2317 50.9856
71.2317 51.069
71.2317 51.1523
71.2317 51.2355
71.2317 51.319
71.2317 51.4025
71.2317 51.4856
71.2317 51.5692
71.2317 51.6525
71.5717 49.4523
71.5717 50.049
71.5717 50.6457
71.5717 50.9856
71.5717 51.069
71.5717 51.1523
71.5717 51.2355
71.5717 51.319
71.5717 51.4025
71.5717 51.4856
71.5717 51.5692
71.5717 51.6525
71.655 49.4523
71.655 50.049
71.655 50.6457
71.655 50.9856
71.655 51.069
71.655 51.1523
71.655 51.2355
71.655 51.319
71.655 51.4025
71.655 51.4856
71.655 51.5692
71.655 51.6525
71.7383 49.4523
71.7383 50.049
71.7383 50.6457
71.7383 50.9856
71.7383 51.069
71.7383 51.1523
71.7383 51.2355
71.7383 51.319
71.7383 51.4025
71.7383 51.4856
71.7383 51.5692
71.7383 51.6525
71.8215 49.4523
71.8215 50.049
71.8215 50.6457
71.8215 50.9856
71.8215 51.069
71.8215 51.1523
71.8215 51.2355
71.8215 51.319
71.8215 51.4025
71.8215 51.4856
71.8215 51.5692
71.8215 51.6525
71.905 49.4523
71.905 50.049
71.905 50.6457
71.905 50.9856
71.905 51.069
71.905 51.1523
71.905 51.2355
71.905 51.319
71.905 51.4025
71.905 51.4856
71.905 51.5692
71.905 51.6525
71.9885 49.4523
71.9885 50.049
71.9885 50.6457
71.9885 50.9856
71.9885 51.069
71.9885 51.1523
71.9885 51.2355
71.9885 51.319
71.9885 51.4025
71.9885 51.4856
71.9885 51.5692
71.9885 51.6525
72.0717 49.4523
72.0717 50.049
72.0717 50.6457
72.0717 50.9856
72.0717 51.069
72.0717 51.1523
72.0717 51.2355
72.0717 51.319
72.0717 51.4025
72.0717 51.4856
72.0717 51.5692
72.0717 51.6525
72.1552 49.4523
72.1552 50.049
72.1552 50.6457
72.1552 50.9856
72.1552 51.069
72.1552 51.1523
72.1552 51.2355
72.1552 51.319
72.1552 51.4025
72.1552 51.4856
72.1552 51.5692
72.1552 51.6525
72.2385 49.4523
72.2385 50.049
72.2385 50.6457
72.2385 50.9856
72.2385 51.069
72.2385 51.1523
72.2385 51.2355
72.2385 51.319
72.2385 51.4025
72.2385 51.4856
72.2385 51.5692
72.2385 51.6525
70.0383 53.344
70.635 53.344
71.2317 53.344
71.5717 53.344
71.655 53.344
71.7383 53.344
71.8215 53.344
71.905 53.344
71.9885 53.344
72.0717 53.344
72.1552 53.344
72.2468 53.4006
70.0383 56.644
70.635 56.644
71.2317 56.644
71.5717 56.644
71.655 56.644
71.7383 56.644
71.8215 56.644
71.905 56.644
71.9885 56.644
72.0717 56.644
72.1552 56.644
72.2468 56.5874
70.0383 58.3355
70.0383 58.419
70.0383 58.5025
70.0383 58.5855
70.0383 58.669
70.0383 58.7525
70.0383 58.8357
70.0383 58.919
70.0383 59.0023
70.0383 59.3423
70.0383 59.939
70.0383 60.5357
70.635 58.3355
70.635 58.419
70.635 58.5025
70.635 58.5855
70.635 58.669
70.635 58.7525
70.635 58.8357
70.635 58.919
70.635 59.0023
70.635 59.3423
70.635 59.939
70.635 60.5357
71.2317 58.3355
71.2317 58.419
71.2317 58.5025
71.2317 58.5855
71.2317 58.669
71.2317 58.7525
71.2317 58.8357
71.2317 58.919
71.2317 59.0023
71.2317 59.3423
71.2317 59.939
71.2317 60.5357
71.5717 58.3355
71.5717 58.419
71.5717 58.5025
71.5717 58.5855
71.5717 58.669
71.5717 58.7525
71.5717 58.8357
71.5717 58.919
71.5717 59.0023
71.5717 59.3423
71.5717 59.939
71.5717 60.5357
71.655 58.3355
71.655 58.419
71.655 58.5025
71.655 58.5855
71.655 58.669
71.655 58.7525
71.655 58.8357
71.655 58.919
71.655 59.0023
71.655 59.3423
71.655 59.939
71.655 60.5357
71.7383 58.3355
71.7383 58.419
71.7383 58.5025
71.7383 58.5855
71.7383 58.669
71.7383 58.7525
71.7383 58.8357
71.7383 58.919
71.7383 59.0023
71.7383 59.3423
71.7383 59.939
71.7383 60.5357
71.8215 58.3355
71.8215 58.419
71.8215 58.5025
71.8215 58.5855
71.8215 58.669
71.8215 58.7525
71.8215 58.8357
71.8215 58.919
71.8215 59.0023
71.8215 59.3423
71.8215 59.939
71.8215 60.5357
71.905 58.3355
71.905 58.419
71.905 58.5025
71.905 58.5855
71.905 58.669
71.905 58.7525
71.905 58.8357
71.905 58.919
71.905 59.0023
71.905 59.3423
71.905 59.939
71.905 60.5357
71.9885 58.3355
71.9885 58.419
71.9885 58.5025
71.9885 58.5855
71.9885 58.669
71.9885 58.7525
71.9885 58.8357
71.9885 58.919
71.9885 59.0023
71.9885 59.3423
71.9885 59.939
71.9885 60.5357
72.0717 58.3355
72.0717 58.419
72.0717 58.5025
72.0717 58.5855
72.0717 58.669
72.0717 58.7525
72.0717 58.8357
72.0717 58.919
72.0717 59.0023
72.0717 59.3423
72.0717 59.939
72.0717 60.5357
72.1552 58.3355
72.1552 58.419
72.1552 58.5025
72.1552 58.5855
72.1552 58.669
72.1552 58.7525
72.1552 58.8357
72.1552 58.919
72.1552 59.0023
72.1552 59.3423
72.1552 59.939
72.1552 60.5357
72.2385 58.3355
72.2385 58.419
72.2385 58.5025
72.2385 58.5855
72.2385 58.669
72.2385 58.7525
72.2385 58.8357
72.2385 58.919
72.2385 59.0023
72.2385 59.3423
72.2385 59.939
72.2385 60.5357
70.0383 60.9398
70.0383 61.1515
70.0383 61.3632
70.0383 61.5748
70.0383 61.7865
70.0383 61.9982
70.0383 62.2098
70.0383 62.4215
70.0383 62.6332
70.0383 62.8448
70.0383 63.0565
70.0383 63.2682
70.635 60.9398
70.635 61.1515
70.635 61.3632
70.635 61.5748
70.635 61.7865
70.635 61.9982
70.635 62.2098
70.635 62.4215
70.635 62.6332
70.635 62.8448
70.635 63.0565
70.635 63.2682
71.2317 60.9398
71.2317 61.1515
71.2317 61.3632
71.2317 61.5748
71.2317 61.7865
71.2317 61.9982
71.2317 62.2098
71.2317 62.4215
71.2317 62.6332
71.2317 62.8448
71.2317 63.0565
71.2317 63.2682
71.5717 60.9398
71.5717 61.1515
71.5717 61.3632
71.5717 61.5748
71.5717 61.7865
71.5717 61.9982
71.5717 62.2098
71.5717 62.4215
71.5717 62.6332
71.5717 62.8448
71.5717 63.0565
71.5717 63.2682
71.655 60.9398
71.655 61.1515
71.655 61.3632
71.655 61.5748
71.655 61.7865
71.655 61.9982
71.655 62.2098
71.655 62.4215
71.655 62.6332
71.655 62.8448
71.655 63.0565
71.655 63.2682
71.7383 60.9398
71.7383 61.1515
71.7383 61.3632
71.7383 61.5748
71.7383 61.7865
71.7383 61.9982
71.7383 62.2098
71.7383 62.4215
71.7383 62.6332
71.7383 62.8448
71.7383 63.0565
71.7383 63.2682
71.8215 60.9398
71.8215 61.1515
71.8215 61.3632
71.8215 61.5748
71.8215 61.7865
71.8215 61.9982
71.8215 62.2098
71.8215 62.4215
71.8215 62.6332
71.8215 62.8448
71.8215 63.0565
71.8215 63.2682
71.905 60.9398
71.905 61.1515
71.905 61.3632
71.905 61.5748
71.905 61.7865
71.905 61.9982
71.905 62.2098
71.905 62.4215
71.905 62.6332
71.905 62.8448
71.905 63.0565
71.905 63.2682
71.9885 60.9398
71.9885 61.1515
71.9885 61.3632
71.9885 61.5748
71.9885 61.7865
71.9885 61.9982
71.9885 62.2098
71.9885 62.4215
71.9885 62.6332
71.9885 62.8448
71.9885 63.0565
71.9885 63.2682
72.0717 60.9398
72.0717 61.1515
72.0717 61.3632
72.0717 61.5748
72.0717 61.7865
72.0717 61.9982
72.0717 62.2098
72.0717 62.4215
72.0717 62.6332
72.0717 62.8448
72.0717 63.0565
72.0717 63.2682
72.1552 60.9398
72.1552 61.1515
72.1552 61.3632
72.1552 61.5748
72.1552 61.7865
72.1552 61.9982
72.1552 62.2098
72.1552 62.4215
72.1552 62.6332
72.1552 62.8448
72.1552 63.0565
72.1552 63.2682
72.2385 60.9398
72.2385 61.1515
72.2385 61.3632
72.2385 61.5748
72.2385 61.7865
72.2385 61.9982
72.2385 62.2098
72.2385 62.4215
72.2385 62.6332
72.2385 62.8448
72.2385 63.0565
72.2385 63.2682
71.472 63.4975
71.01 64.7638
71.01 65.6903
71.01 66.6167
71.01 68.35
71.01 70.89
71.01 73.81
71.01 77.11
71.01 80.03
71.01 82.57
71.01 84.3032
71.01 85.2297
71.01 88.2517
71.01 93.3692
71.01 97.758
71.01 101.418
71.01 104.933
71.01 108.303
73.93 1.685
73.93 5.055
73.93 8.57
73.93 12.23
73.93 16.6187
73.93 21.7363
73.93 24.7583
73.93 25.6848
73.93 27.418
73.93 29.958
73.93 32.878
73.93 36.178
73.93 39.098
73.93 41.638
73.93 43.3712
73.93 44.2978
73.93 45.2242
73.93 46.1508
73.93 46.7198
73.93 46.9315
73.93 47.1432
73.93 47.3548
73.93 47.5665
73.93 47.7782
73.93 47.9898
73.93 48.2015
73.93 48.4132
73.93 48.6248
73.93 48.8365
73.93 49.0482
73.93 49.4523
73.93 50.049
73.93 50.6457
73.93 50.9856
73.93 51.069
73.93 51.1523
73.93 51.2355
73.93 51.319
73.93 51.4025
73.93 51.4856
73.93 51.5692
73.9866 51.6608
75.3659 54.7799
75.0803 54.787
75.373 54.4943
74.9784 54.7448
75.3308 54.3924
74.7746 54.8338
74.8972 54.5378
75.1238 54.3112
75.4198 54.1886
74.5432 54.7878
74.701 54.4067
74.9927 54.115
75.3738 53.9572
74.3351 54.7464
74.5247 54.2888
74.8748 53.9387
75.3324 53.7491
74.1329 54.7062
74.3532 54.1743
74.7603 53.7672
75.2922 53.5469
73.9283 54.6655
74.1798 54.0584
74.6444 53.5938
75.2515 53.3423
73.7237 54.6248
74.0063 53.9425
74.5285 53.4203
75.2108 53.1377
73.519 54.5841
73.8328 53.8266
74.4126 53.2468
75.1701 52.933
73.313 54.5431
73.6581 53.7098
74.2958 53.0721
75.1291 52.727
73.0543 54.4871
73.3551 53.486
74.072 52.7691
75.0731 52.4683
72.7446 54.4165
72.9251 53.1558
73.7418 52.3391
75.0025 52.1586
72.4349 54.3459
72.495 52.8256
73.4116 51.909
74.9319 51.8489
75.3659 55.2081
75.373 55.4937
75.0803 55.201
75.3308 55.5956
74.9784 55.2432
75.4198 55.7994
75.1238 55.6768
74.8972 55.4502
74.7746 55.1542
75.3738 56.0308
74.9927 55.873
74.701 55.5813
74.5432 55.2002
75.3324 56.2389
74.8748 56.0493
74.5247 55.6992
74.3351 55.2416
75.2922 56.4411
74.7603 56.2208
74.3532 55.8137
74.1329 55.2818
75.2515 56.6457
74.6444 56.3942
74.1798 55.9296
73.9283 55.3225
75.2108 56.8503
74.5285 56.5677
74.0063 56.0455
73.7237 55.3632
75.1701 57.055
74.4126 56.7412
73.8328 56.1614
73.519 55.4039
75.1291 57.261
74.2958 56.9159
73.6581 56.2782
73.313 55.4449
75.0731 57.5197
74.072 57.2189
73.3551 56.502
73.0543 55.5009
75.0025 57.8294
73.7418 57.6489
72.9251 56.8322
72.7446 55.5715
74.9319 58.1391
73.4116 58.079
72.495 57.1624
72.4349 55.6421
73.9866 58.3272
73.93 58.419
73.93 58.5025
73.93 58.5855
73.93 58.669
73.93 58.7525
73.93 58.8357
73.93 58.919
73.93 59.0023
73.93 59.3423
73.93 59.939
73.93 60.5357
73.93 60.9398
73.93 61.1515
73.93 61.3632
73.93 61.5748
73.93 61.7865
73.93 61.9982
73.93 62.2098
73.93 62.4215
73.93 62.6332
73.93 62.8448
73.93 63.0565
73.93 63.2682
73.93 63.8372
73.93 64.7638
73.93 65.6903
73.93 66.6167
73.93 68.35
73.93 70.89
73.93 73.81
73.93 77.11
73.93 80.03
73.93 82.57
73.93 84.3032
73.93 85.2297
73.93 88.2517
73.93 93.3692
73.93 97.758
73.93 101.418
73.93 104.933
73.93 108.303
77.23 1.685
77.23 5.055
77.23 8.57
77.23 12.23
77.23 16.6187
77.23 21.7363
77.23 24.7583
77.23 25.6848
77.23 27.418
77.23 29.958
77.23 32.878
77.23 36.178
77.23 39.098
77.23 41.638
77.23 43.3712
77.23 44.2978
77.23 45.2242
77.23 46.1508
77.23 46.7198
77.23 46.9315
77.23 47.1432
77.23 47.3548
77.23 47.5665
77.23 47.7782
77.23 47.9898
77.23 48.2015
77.23 48.4132
77.23 48.6248
77.23 48.8365
77.23 49.0482
77.23 49.4523
77.23 50.049
77.23 50.6457
77.23 50.9856
77.23 51.069
77.23 51.1523
77.23 51.2355
77.23 51.319
77.23 51.4025
77.23 51.4856
77.23 51.5692
77.1734 51.6608
75.7941 54.7799
75.787 54.4943
76.0797 54.787
75.8292 54.3924
76.1816 54.7448
75.7402 54.1886
76.0362 54.3112
76.2628 54.5378
76.3854 54.8338
75.7862 53.9572
76.1673 54.115
76.459 54.4067
76.6168 54.7878
75.8276 53.7491
76.2852 53.9387
76.6353 54.2888
76.8249 54.7464
75.8678 53.5469
76.3997 53.7672
76.8068 54.1743
77.0271 54.7062
75.9085 53.3423
76.5156 53.5938
76.9802 54.0584
77.2317 54.6655
75.9492 53.1377
76.6315 53.4203
77.1537 53.9425
77.4363 54.6248
75.9899 52.933
76.7474 53.2468
77.3272 53.8266
77.641 54.5841
76.0309 52.727
76.8642 53.0721
77.5019 53.7098
77.847 54.5431
76.0869 52.4683
77.088 52.7691
77.8049 53.486
78.1057 54.4871
76.1575 52.1586
77.4182 52.3391
78.2349 53.1558
78.4154 54.4165
76.2281 51.8489
77.7484 51.909
78.665 52.8256
78.7251 54.3459
75.7941 55.2081
76.0797 55.201
75.787 55.4937
76.1816 55.2432
75.8292 55.5956
76.3854 55.1542
76.2628 55.4502
76.0362 55.6768
75.7402 55.7994
76.6168 55.2002
76.459 55.5813
76.1673 55.873
75.7862 56.0308
76.8249 55.2416
76.6353 55.6992
76.2852 56.0493
75.8276 56.2389
77.0271 55.2818
76.8068 55.8137
76.3997 56.2208
75.8678 56.4411
77.2317 55.3225
76.9802 55.9296
76.5156 56.3942
75.9085 56.6457
77.4363 55.3632
77.1537 56.0455
76.6315 56.5677
75.9492 56.8503
77.641 55.4039
77.3272 56.1614
76.7474 56.7412
75.9899 57.055
77.847 55.4449
77.5019 56.2782
76.8642 56.9159
76.0309 57.261
78.1057 55.5009
77.8049 56.502
77.088 57.2189
76.0869 57.5197
78.4154 55.5715
78.2349 56.8322
77.4182 57.6489
76.1575 57.8294
78.7251 55.6421
78.665 57.1624
77.7484 58.079
76.2281 58.1391
77.1734 58.3272
77.23 58.419
77.23 58.5025
77.23 58.5855
77.23 58.669
77.23 58.7525
77.23 58.8357
77.23 58.919
77.23 59.0023
77.23 59.3423
77.23 59.939
77.23 60.5357
77.23 60.9398
77.23 61.1515
77.23 61.3632
77.23 61.5748
77.23 61.7865
77.23 61.9982
77.23 62.2098
77.23 62.4215
77.23 62.6332
77.23 62.8448
77.23 63.0565
77.23 63.2682
77.23 63.8372
77.23 64.7638
77.23 65.6903
77.23 66.6167
77.23 68.35
77.23 70.89
77.23 73.81
77.23 77.11
77.23 80.03
77.23 82.57
77.23 84.3032
77.23 85.2297
77.23 88.2517
77.23 93.3692
77.23 97.758
77.23 101.418
77.23 104.933
77.23 108.303
80.15 1.685
80.15 5.055
80.15 8.57
80.15 12.23
80.15 16.6187
80.15 21.7363
80.15 24.7583
80.15 25.6848
80.15 27.418
80.15 29.958
80.15 32.878
80.15 36.178
80.15 39.098
80.15 41.638
80.15 43.3712
80.15 44.2978
80.15 45.2242
79.688 46.4905
78.9215 46.7198
78.9215 46.9315
78.9215 47.1432
78.9215 47.3548
78.9215 47.5665
78.9215 47.7782
78.9215 47.9898
78.9215 48.2015
78.9215 48.4132
78.9215 48.6248
78.9215 48.8365
78.9215 49.0482
79.005 46.7198
79.005 46.9315
79.005 47.1432
79.005 47.3548
79.005 47.5665
79.005 47.7782
79.005 47.9898
79.005 48.2015
79.005 48.4132
79.005 48.6248
79.005 48.8365
79.005 49.0482
79.0885 46.7198
79.0885 46.9315
79.0885 47.1432
79.0885 47.3548
79.0885 47.5665
79.0885 47.7782
79.0885 47.9898
79.0885 48.2015
79.0885 48.4132
79.0885 48.6248
79.0885 48.8365
79.0885 49.0482
79.1715 46.7198
79.1715 46.9315
79.1715 47.1432
79.1715 47.3548
79.1715 47.5665
79.1715 47.7782
79.1715 47.9898
79.1715 48.2015
79.1715 48.4132
79.1715 48.6248
79.1715 48.8365
79.1715 49.0482
79.255 46.7198
79.255 46.9315
79.255 47.1432
79.255 47.3548
79.255 47.5665
79.255 47.7782
79.255 47.9898
79.255 48.2015
79.255 48.4132
79.255 48.6248
79.255 48.8365
79.255 49.0482
79.3385 46.7198
79.3385 46.9315
79.3385 47.1432
79.3385 47.3548
79.3385 47.5665
79.3385 47.7782
79.3385 47.9898
79.3385 48.2015
79.3385 48.4132
79.3385 48.6248
79.3385 48.8365
79.3385 49.0482
79.4216 46.7198
79.4216 46.9315
79.4216 47.1432
79.4216 47.3548
79.4216 47.5665
79.4216 47.7782
79.4216 47.9898
79.4216 48.2015
79.4216 48.4132
79.4216 48.6248
79.4216 48.8365
79.4216 49.0482
79.5049 46.7198
79.5049 46.9315
79.5049 47.1432
79.5049 47.3548
79.5049 47.5665
79.5049 47.7782
79.5049 47.9898
79.5049 48.2015
79.5049 48.4132
79.5049 48.6248
79.5049 48.8365
79.5049 49.0482
79.5883 46.7198
79.5883 46.9315
79.5883 47.1432
79.5883 47.3548
79.5883 47.5665
79.5883 47.7782
79.5883 47.9898
79.5883 48.2015
79.5883 48.4132
79.5883 48.6248
79.5883 48.8365
79.5883 49.0482
79.9283 46.7198
79.9283 46.9315
79.9283 47.1432
79.9283 47.3548
79.9283 47.5665
79.9283 47.7782
79.9283 47.9898
79.9283 48.2015
79.9283 48.4132
79.9283 48.6248
79.9283 48.8365
79.9283 49.0482
80.525 46.7198
80.525 46.9315
80.525 47.1432
80.525 47.3548
80.525 47.5665
80.525 47.7782
80.525 47.9898
80.525 48.2015
80.525 48.4132
80.525 48.6248
80.525 48.8365
80.525 49.0482
81.1217 46.7198
81.1217 46.9315
81.1217 47.1432
81.1217 47.3548
81.1217 47.5665
81.1217 47.7782
81.1217 47.9898
81.1217 48.2015
81.1217 48.4132
81.1217 48.6248
81.1217 48.8365
81.1217 49.0482
78.9215 49.4523
78.9215 50.049
78.9215 50.6457
78.9215 50.9856
78.9215 51.069
78.9215 51.1523
78.9215 51.2355
78.9215 51.319
78.9215 51.4025
78.9215 51.4856
78.9215 51.5692
78.9215 51.6525
79.005 49.4523
79.005 50.049
79.005 50.6457
79.005 50.9856
79.005 51.069
79.005 51.1523
79.005 51.2355
79.005 51.319
79.005 51.4025
79.005 51.4856
79.005 51.5692
79.005 51.6525
79.0885 49.4523
79.0885 50.049
79.0885 50.6457
79.0885 50.9856
79.0885 51.069
79.0885 51.1523
79.0885 51.2355
79.0885 51.319
79.0885 51.4025
79.0885 51.4856
79.0885 51.5692
79.0885 51.6525
79.1715 49.4523
79.1715 50.049
79.1715 50.6457
79.1715 50.9856
79.1715 51.069
79.1715 51.1523
79.1715 51.2355
79.1715 51.319
79.1715 51.4025
79.1715 51.4856
79.1715 51.5692
79.1715 51.6525
79.255 49.4523
79.255 50.049
79.255 50.6457
79.255 50.9856
79.255 51.069
79.255 51.1523
79.255 51.2355
79.255 51.319
79.255 51.4025
79.255 51.4856
79.255 51.5692
79.255 51.6525
79.3385 49.4523
79.3385 50.049
79.3385 50.6457
79.3385 50.9856
79.3385 51.069
79.3385 51.1523
79.3385 51.2355
79.3385 51.319
79.3385 51.4025
79.3385 51.4856
79.3385 51.5692
79.3385 51.6525
79.4216 49.4523
79.4216 50.049
79.4216 50.6457
79.4216 50.9856
79.4216 51.069
79.4216 51.1523
79.4216 51.2355
79.4216 51.319
79.4216 51.4025
79.4216 51.4856
79.4216 51.5692
79.4216 51.6525
79.5049 49.4523
79.5049 50.049
79.5049 50.6457
79.5049 50.9856
79.5049 51.069
79.5049 51.1523
79.5049 51.2355
79.5049 51.319
79.5049 51.4025
79.5049 51.4856
79.5049 51.5692
79.5049 51.6525
79.5883 49.4523
79.5883 50.049
79.5883 50.6457
79.5883 50.9856
79.5883 51.069
79.5883 51.1523
79.5883 51.2355
79.5883 51.319
79.5883 51.4025
79.5883 51.4856
79.5883 51.5692
79.5883 51.6525
79.9283 49.4523
79.9283 50.049
79.9283 50.6457
79.9283 50.9856
79.9283 51.069
79.9283 51.1523
79.9283 51.2355
79.9283 51.319
79.9283 51.4025
79.9283 51.4856
79.9283 51.5692
79.9283 51.6525
80.525 49.4523
80.525 50.049
80.525 50.6457
80.525 50.9856
80.525 51.069
80.525 51.1523
80.525 51.2355
80.525 51.319
80.525 51.4025
80.525 51.4856
80.525 51.5692
80.525 51.6525
81.1217 49.4523
81.1217 50.049
81.1217 50.6457
81.1217 50.9856
81.1217 51.069
81.1217 51.1523
81.1217 51.2355
81.1217 51.319
81.1217 51.4025
81.1217 51.4856
81.1217 51.5692
81.1217 51.6525
78.9132 53.4006
79.005 53.344
79.0885 53.344
79.1715 53.344
79.255 53.344
79.3385 53.344
79.4216 53.344
79.5049 53.344
79.5883 53.344
79.9283 53.344
80.525 53.344
81.1217 53.344
78.9132 56.5874
79.005 56.644
79.0885 56.644
79.1715 56.644
79.255 56.644
79.3385 56.644
79.4216 56.644
79.5049 56.644
79.5883 56.644
79.9283 56.644
80.525 56.644
81.1217 56.644
78.9215 58.3355
78.9215 58.419
78.9215 58.5025
78.9215 58.5855
78.9215 58.669
78.9215 58.7525
78.9215 58.8357
78.9215 58.919
78.9215 59.0023
78.9215 59.3423
78.9215 59.939
78.9215 60.5357
79.005 58.3355
79.005 58.419
79.005 58.5025
79.005 58.5855
79.005 58.669
79.005 58.7525
79.005 58.8357
79.005 58.919
79.005 59.0023
79.005 59.3423
79.005 59.939
79.005 60.5357
79.0885 58.3355
79.0885 58.419
79.0885 58.5025
79.0885 58.5855
79.0885 58.669
79.0885 58.7525
79.0885 58.8357
79.0885 58.919
79.0885 59.0023
79.0885 59.3423
79.0885 59.939
79.0885 60.5357
79.1715 58.3355
79.1715 58.419
79.1715 58.5025
79.1715 58.5855
79.1715 58.669
79.1715 58.7525
79.1715 58.8357
79.1715 58.919
79.1715 59.0023
79.1715 59.3423
79.1715 59.939
79.1715 60.5357
79.255 58.3355
79.255 58.419
79.255 58.5025
79.255 58.5855
79.255 58.669
79.255 58.7525
79.255 58.8357
79.255 58.919
79.255 59.0023
79.255 59.3423
79.255 59.939
79.255 60.5357
79.3385 58.3355
79.3385 58.419
79.3385 58.5025
79.3385 58.5855
79.3385 58.669
79.3385 58.7525
79.3385 58.8357
79.3385 58.919
79.3385 59.0023
79.3385 59.3423
79.3385 59.939
79.3385 60.5357
79.4216 58.3355
79.4216 58.419
79.4216 58.5025
79.4216 58.5855
79.4216 58.669
79.4216 58.7525
79.4216 58.8357
79.4216 58.919
79.4216 59.0023
79.4216 59.3423
79.4216 59.939
79.4216 60.5357
79.5049 58.3355
79.5049 58.419
79.5049 58.5025
79.5049 58.5855
79.5049 58.669
79.5049 58.7525
79.5049 58.8357
79.5049 58.919
79.5049 59.0023
79.5049 59.3423
79.5049 59.939
79.5049 60.5357
79.5883 58.3355
79.5883 58.419
79.5883 58.5025
79.5883 58.5855
79.5883 58.669
79.5883 58.7525
79.5883 58.8357
79.5883 58.919
79.5883 59.0023
79.5883 59.3423
79.5883 59.939
79.5883 60.5357
79.9283 58.3355
79.9283 58.419
79.9283 58.5025
79.9283 58.5855
79.9283 58.669
79.9283 58.7525
79.9283 58.8357
79.9283 58.919
79.9283 59.0023
79.9283 59.3423
79.9283 59.939
79.9283 60.5357
80.525 58.3355
80.525 58.419
80.525 58.5025
80.525 58.5855
80.525 58.669
80.525 58.7525
80.525 58.8357
80.525 58.919
80.525 59.0023
80.525 59.3423
80.525 59.939
80.525 60.5357
81.1217 58.3355
81.1217 58.419
81.1217 58.5025
81.1217 58.5855
81.1217 58.669
81.1217 58.7525
81.1217 58.8357
81.1217 58.919
81.1217 59.0023
81.1217 59.3423
81.1217 59.939
81.1217 60.5357
78.9215 60.9398
78.9215 61.1515
78.9215 61.3632
78.9215 61.5748
78.9215 61.7865
78.9215 61.9982
78.9215 62.2098
78.9215 62.4215
78.9215 62.6332
78.9215 62.8448
78.9215 63.0565
78.9215 63.2682
79.005 60.9398
79.005 61.1515
79.005 61.3632
79.005 61.5748
79.005 61.7865
79.005 61.9982
79.005 62.2098
79.005 62.4215
79.005 62.6332
79.005 62.8448
79.005 63.0565
79.005 63.2682
79.0885 60.9398
79.0885 61.1515
79.0885 61.3632
79.0885 61.5748
79.0885 61.7865
79.0885 61.9982
79.0885 62.2098
79.0885 62.4215
79.0885 62.6332
79.0885 62.8448
79.0885 63.0565
79.0885 63.2682
79.1715 60.9398
79.1715 61.1515
79.1715 61.3632
79.1715 61.5748
79.1715 61.7865
79.1715 61.9982
79.1715 62.2098
79.1715 62.4215
79.1715 62.6332
79.1715 62.8448
79.1715 63.0565
79.1715 63.2682
79.255 60.9398
79.255 61.1515
79.255 61.3632
79.255 61.5748
79.255 61.7865
79.255 61.9982
79.255 62.2098
79.255 62.4215
79.255 62.6332
79.255 62.8448
79.255 63.0565
79.255 63.2682
79.3385 60.9398
79.3385 61.1515
79.3385 61.3632
79.3385 61.5748
79.3385 61.7865
79.3385 61.9982
79.3385 62.2098
79.3385 62.4215
79.3385 62.6332
79.3385 62.8448
79.3385 63.0565
79.3385 63.2682
79.4216 60.9398
79.4216 61.1515
79.4216 61.3632
79.4216 61.5748
79.4216 61.7865
79.4216 61.9982
79.4216 62.2098
79.4216 62.4215
79.4216 62.6332
79.4216 62.8448
79.4216 63.0565
79.4216 63.2682
79.5049 60.9398
79.5049 61.1515
79.5049 61.3632
79.5049 61.5748
79.5049 61.7865
79.5049 61.9982
79.5049 62.2098
79.5049 62.4215
79.5049 62.6332
79.5049 62.8448
79.5049 63.0565
79.5049 63.2682
79.5883 60.9398
79.5883 61.1515
79.5883 61.3632
79.5883 61.5748
79.5883 61.7865
79.5883 61.9982
79.5883 62.2098
79.5883 62.4215
79.5883 62.6332
79.5883 62.8448
79.5883 63.0565
79.5883 63.2682
79.9283 60.9398
79.9283 61.1515
79.9283 61.3632
79.9283 61.5748
79.9283 61.7865
79.9283 61.9982
79.9283 62.2098
79.9283 62.4215
79.9283 62.6332
79.9283 62.8448
79.9283 63.0565
79.9283 63.2682
80.525 60.9398
80.525 61.1515
80.525 61.3632
80.525 61.5748
80.525 61.7865
80.525 61.9982
80.525 62.2098
80.525 62.4215
80.525 62.6332
80.525 62.8448
80.525 63.0565
80.525 63.2682
81.1217 60.9398
81.1217 61.1515
81.1217 61.3632
81.1217 61.5748
81.1217 61.7865
81.1217 61.9982
81.1217 62.2098
81.1217 62.4215
81.1217 62.6332
81.1217 62.8448
81.1217 63.0565
81.1217 63.2682
79.688 63.4975
80.15 64.7638
80.15 65.6903
80.15 66.6167
80.15 68.35
80.15 70.89
80.15 73.81
80.15 77.11
80.15 80.03
80.15 82.57
80.15 84.3032
80.15 85.2297
80.15 88.2517
80.15 93.3692
80.15 97.758
80.15 101.418
80.15 104.933
80.15 108.303
82.69 1.685
82.69 5.055
82.69 8.57
82.69 12.23
82.69 16.6187
82.69 21.7363
82.69 24.7583
82.69 25.6848
82.69 27.418
82.69 29.958
82.69 32.878
82.69 36.178
82.69 39.098
82.69 41.638
82.69 43.3712
82.69 44.2978
82.69 45.2242
82.69 46.4905
81.5258 46.7198
81.5258 46.9315
81.5258 47.1432
81.5258 47.3548
81.5258 47.5665
81.5258 47.7782
81.5258 47.9898
81.5258 48.2015
81.5258 48.4132
81.5258 48.6248
81.5258 48.8365
81.5258 49.0482
81.7375 46.7198
81.7375 46.9315
81.7375 47.1432
81.7375 47.3548
81.7375 47.5665
81.7375 47.7782
81.7375 47.9898
81.7375 48.2015
81.7375 48.4132
81.7375 48.6248
81.7375 48.8365
81.7375 49.0482
81.9492 46.7198
81.9492 46.9315
81.9492 47.1432
81.9492 47.3548
81.9492 47.5665
81.9492 47.7782
81.9492 47.9898
81.9492 48.2015
81.9492 48.4132
81.9492 48.6248
81.9492 48.8365
81.9492 49.0482
82.1608 46.7198
82.1608 46.9315
82.1608 47.1432
82.1608 47.3548
82.1608 47.5665
82.1608 47.7782
82.1608 47.9898
82.1608 48.2015
82.1608 48.4132
82.1608 48.6248
82.1608 48.8365
82.1608 49.0482
82.3725 46.7198
82.3725 46.9315
82.3725 47.1432
82.3725 47.3548
82.3725 47.5665
82.3725 47.7782
82.3725 47.9898
82.3725 48.2015
82.3725 48.4132
82.3725 48.6248
82.3725 48.8365
82.3725 49.0482
82.5842 46.7198
82.5842 46.9315
82.5842 47.1432
82.5842 47.3548
82.5842 47.5665
82.5842 47.7782
82.5842 47.9898
82.5842 48.2015
82.5842 48.4132
82.5842 48.6248
82.5842 48.8365
82.5842 49.0482
82.7958 46.7198
82.7958 46.9315
82.7958 47.1432
82.7958 47.3548
82.7958 47.5665
82.7958 47.7782
82.7958 47.9898
82.7958 48.2015
82.7958 48.4132
82.7958 48.6248
82.7958 48.8365
82.7958 49.0482
83.0075 46.7198
83.0075 46.9315
83.0075 47.1432
83.0075 47.3548
83.0075 47.5665
83.0075 47.7782
83.0075 47.9898
83.0075 48.2015
83.0075 48.4132
83.0075 48.6248
83.0075 48.8365
83.0075 49.0482
83.2192 46.7198
83.2192 46.9315
83.2192 47.1432
83.2192 47.3548
83.2192 47.5665
83.2192 47.7782
83.2192 47.9898
83.2192 48.2015
83.2192 48.4132
83.2192 48.6248
83.2192 48.8365
83.2192 49.0482
83.4308 46.7198
83.4308 46.9315
83.4308 47.1432
83.4308 47.3548
83.4308 47.5665
83.4308 47.7782
83.4308 47.9898
83.4308 48.2015
83.4308 48.4132
83.4308 48.6248
83.4308 48.8365
83.4308 49.0482
83.6425 46.7198
83.6425 46.9315
83.6425 47.1432
83.6425 47.3548
83.6425 47.5665
83.6425 47.7782
83.6425 47.9898
83.6425 48.2015
83.6425 48.4132
83.6425 48.6248
83.6425 48.8365
83.6425 49.0482
83.8542 46.7198
83.8542 46.9315
83.8542 47.1432
83.8542 47.3548
83.8542 47.5665
83.8542 47.7782
83.8542 47.9898
83.8542 48.2015
83.8542 48.4132
83.8542 48.6248
83.8542 48.8365
83.8542 49.0482
81.5258 49.4523
81.5258 50.049
81.5258 50.6457
81.5258 50.9856
81.5258 51.069
81.5258 51.1523
81.5258 51.2355
81.5258 51.319
81.5258 51.4025
81.5258 51.4856
81.5258 51.5692
81.5258 51.6525
81.7375 49.4523
81.7375 50.049
81.7375 50.6457
81.7375 50.9856
81.7375 51.069
81.7375 51.1523
81.7375 51.2355
81.7375 51.319
81.7375 51.4025
81.7375 51.4856
81.7375 51.5692
81.7375 51.6525
81.9492 49.4523
81.9492 50.049
81.9492 50.6457
81.9492 50.9856
81.9492 51.069
81.9492 51.1523
81.9492 51.2355
81.9492 51.319
81.9492 51.4025
81.9492 51.4856
81.9492 51.5692
81.9492 51.6525
82.1608 49.4523
82.1608 50.049
82.1608 50.6457
82.1608 50.9856
82.1608 51.069
82.1608 51.1523
82.1608 51.2355
82.1608 51.319
82.1608 51.4025
82.1608 51.4856
82.1608 51.5692
82.1608 51.6525
82.3725 49.4523
82.3725 50.049
82.3725 50.6457
82.3725 50.9856
82.3725 51.069
82.3725 51.1523
82.3725 51.2355
82.3725 51.319
82.3725 51.4025
82.3725 51.4856
82.3725 51.5692
82.3725 51.6525
82.5842 49.4523
82.5842 50.049
82.5842 50.6457
82.5842 50.9856
82.5842 51.069
82.5842 51.1523
82.5842 51.2355
82.5842 51.319
82.5842 51.4025
82.5842 51.4856
82.5842 51.5692
82.5842 51.6525
82.7958 49.4523
82.7958 50.049
82.7958 50.6457
82.7958 50.9856
82.7958 51.069
82.7958 51.1523
82.7958 51.2355
82.7958 51.319
82.7958 51.4025
82.7958 51.4856
82.7958 51.5692
82.7958 51.6525
83.0075 49.4523
83.0075 50.049
83.0075 50.6457
83.0075 50.9856
83.0075 51.069
83.0075 51.1523
83.0075 51.2355
83.0075 51.319
83.0075 51.4025
83.0075 51.4856
83.0075 51.5692
83.0075 51.6525
83.2192 49.4523
83.2192 50.049
83.2192 50.6457
83.2192 50.9856
83.2192 51.069
83.2192 51.1523
83.2192 51.2355
83.2192 51.319
83.2192 51.4025
83.2192 51.4856
83.2192 51.5692
83.2192 51.6525
83.4308 49.4523
83.4308 50.049
83.4308 50.6457
83.4308 50.9856
83.4308 51.069
83.4308 51.1523
83.4308 51.2355
83.4308 51.319
83.4308 51.4025
83.4308 51.4856
83.4308 51.5692
83.4308 51.6525
83.6425 49.4523
83.6425 50.049
83.6425 50.6457
83.6425 50.9856
83.6425 51.069
83.6425 51.1523
83.6425 51.2355
83.6425 51.319
83.6425 51.4025
83.6425 51.4856
83.6425 51.5692
83.6425 51.6525
83.8542 49.4523
83.8542 50.049
83.8542 50.6457
83.8542 50.9856
83.8542 51.069
83.8542 51.1523
83.8542 51.2355
83.8542 51.319
83.8542 51.4025
83.8542 51.4856
83.8542 51.5692
83.8542 51.6525
81.5258 53.344
81.7375 53.344
81.9492 53.344
82.1608 53.344
82.3725 53.344
82.5842 53.344
82.7958 53.344
83.0075 53.344
83.2192 53.344
83.4308 53.344
83.6425 53.344
83.8542 53.344
81.5258 56.644
81.7375 56.644
81.9492 56.644
82.1608 56.644
82.3725 56.644
82.5842 56.644
82.7958 56.644
83.0075 56.644
83.2192 56.644
83.4308 56.644
83.6425 56.644
83.8542 56.644
81.5258 58.3355
81.5258 58.419
81.5258 58.5025
81.5258 58.5855
81.5258 58.669
81.5258 58.7525
81.5258 58.8357
81.5258 58.919
81.5258 59.0023
81.5258 59.3423
81.5258 59.939
81.5258 60.5357
81.7375 58.3355
81.7375 58.419
81.7375 58.5025
81.7375 58.5855
81.7375 58.669
81.7375 58.7525
81.7375 58.8357
81.7375 58.919
81.7375 59.0023
81.7375 59.3423
81.7375 59.939
81.7375 60.5357
81.9492 58.3355
81.9492 58.419
81.9492 58.5025
81.9492 58.5855
81.9492 58.669
81.9492 58.7525
81.9492 58.8357
81.9492 58.919
81.9492 59.0023
81.9492 59.3423
81.9492 59.939
81.9492 60.5357
82.1608 58.3355
82.1608 58.419
82.1608 58.5025
82.1608 58.5855
82.1608 58.669
82.1608 58.7525
82.1608 58.8357
82.1608 58.919
82.1608 59.0023
82.1608 59.3423
82.1608 59.939
82.1608 60.5357
82.3725 58.3355
82.3725 58.419
82.3725 58.5025
82.3725 58.5855
82.3725 58.669
82.3725 58.7525
82.3725 58.8357
82.3725 58.919
82.3725 59.0023
82.3725 59.3423
82.3725 59.939
82.3725 60.5357
82.5842 58.3355
82.5842 58.419
82.5842 58.5025
82.5842 58.5855
82.5842 58.669
82.5842 58.7525
82.5842 58.8357
82.5842 58.919
82.5842 59.0023
82.5842 59.3423
82.5842 59.939
82.5842 60.5357
82.7958 58.3355
82.7958 58.419
82.7958 58.5025
82.7958 58.5855
82.7958 58.669
82.7958 58.7525
82.7958 58.8357
82.7958 58.919
82.7958 59.0023
82.7958 59.3423
82.7958 59.939
82.7958 60.5357
83.0075 58.3355
83.0075 58.419
83.0075 58.5025
83.0075 58.5855
83.0075 58.669
83.0075 58.7525
83.0075 58.8357
83.0075 58.919
83.0075 59.0023
83.0075 59.3423
83.0075 59.939
83.0075 60.5357
83.2192 58.3355
83.2192 58.419
83.2192 58.5025
83.2192 58.5855
83.2192 58.669
83.2192 58.7525
83.2192 58.8357
83.2192 58.919
83.2192 59.0023
83.2192 59.3423
83.2192 59.939
83.2192 60.5357
83.4308 58.3355
83.4308 58.419
83.4308 58.5025
83.4308 58.5855
83.4308 58.669
83.4308 58.7525
83.4308 58.8357
83.4308 58.919
83.4308 59.0023
83.4308 59.3423
83.4308 59.939
83.4308 60.5357
83.6425 58.3355
83.6425 58.419
83.6425 58.5025
83.6425 58.5855
83.6425 58.669
83.6425 58.7525
83.6425 58.8357
83.6425 58.919
83.6425 59.0023
83.6425 59.3423
83.6425 59.939
83.6425 60.5357
83.8542 58.3355
83.8542 58.419
83.8542 58.5025
83.8542 58.5855
83.8542 58.669
83.8542 58.7525
83.8542 58.8357
83.8542 58.919
83.8542 59.0023
83.8542 59.3423
83.8542 59.939
83.8542 60.5357
81.5258 60.9398
81.5258 61.1515
81.5258 61.3632
81.5258 61.5748
81.5258 61.7865
81.5258 61.9982
81.5258 62.2098
81.5258 62.4215
81.5258 62.6332
81.5258 62.8448
81.5258 63.0565
81.5258 63.2682
81.7375 60.9398
81.7375 61.1515
81.7375 61.3632
81.7375 61.5748
81.7375 61.7865
81.7375 61.9982
81.7375 62.2098
81.7375 62.4215
81.7375 62.6332
81.7375 62.8448
81.7375 63.0565
81.7375 63.2682
81.9492 60.9398
81.9492 61.1515
81.9492 61.3632
81.9492 61.5748
81.9492 61.7865
81.9492 61.9982
81.9492 62.2098
81.9492 62.4215
81.9492 62.6332
81.9492 62.8448
81.9492 63.0565
81.9492 63.2682
82.1608 60.9398
82.1608 61.1515
82.1608 61.3632
82.1608 61.5748
82.1608 61.7865
82.1608 61.9982
82.1608 62.2098
82.1608 62.4215
82.1608 62.6332
82.1608 62.8448
82.1608 63.0565
82.1608 63.2682
82.3725 60.9398
82.3725 61.1515
82.3725 61.3632
82.3725 61.5748
82.3725 61.7865
82.3725 61.9982
82.3725 62.2098
82.3725 62.4215
82.3725 62.6332
82.3725 62.8448
82.3725 63.0565
82.3725 63.2682
82.5842 60.9398
82.5842 61.1515
82.5842 61.3632
82.5842 61.5748
82.5842 61.7865
82.5842 61.9982
82.5842 62.2098
82.5842 62.4215
82.5842 62.6332
82.5842 62.8448
82.5842 63.0565
82.5842 63.2682
82.7958 60.9398
82.7958 61.1515
82.7958 61.3632
82.7958 61.5748
82.7958 61.7865
82.7958 61.9982
82.7958 62.2098
82.7958 62.4215
82.7958 62.6332
82.7958 62.8448
82.7958 63.0565
82.7958 63.2682
83.0075 60.9398
83.0075 61.1515
83.0075 61.3632
83.0075 61.5748
83.0075 61.7865
83.0075 61.9982
83.0075 62.2098
83.0075 62.4215
83.0075 62.6332
83.0075 62.8448
83.0075 63.0565
83.0075 63.2682
83.2192 60.9398
83.2192 61.1515
83.2192 61.3632
83.2192 61.5748
83.2192 61.7865
83.2192 61.9982
83.2192 62.2098
83.2192 62.4215
83.2192 62.6332
83.2192 62.8448
83.2192 63.0565
83.2192 63.2682
83.4308 60.9398
83.4308 61.1515
83.4308 61.3632
83.4308 61.5748
83.4308 61.7865
83.4308 61.9982
83.4308 62.2098
83.4308 62.4215
83.4308 62.6332
83.4308 62.8448
83.4308 63.0565
83.4308 63.2682
83.6425 60.9398
83.6425 61.1515
83.6425 61.3632
83.6425 61.5748
83.6425 61.7865
83.6425 61.9982
83.6425 62.2098
83.6425 62.4215
83.6425 62.6332
83.6425 62.8448
83.6425 63.0565
83.6425 63.2682
83.8542 60.9398
83.8542 61.1515
83.8542 61.3632
83.8542 61.5748
83.8542 61.7865
83.8542 61.9982
83.8542 62.2098
83.8542 62.4215
83.8542 62.6332
83.8542 62.8448
83.8542 63.0565
83.8542 63.2682
82.69 63.4975
82.69 64.7638
82.69 65.6903
82.69 66.6167
82.69 68.35
82.69 70.89
82.69 73.81
82.69 77.11
82.69 80.03
82.69 82.57
82.69 84.3032
82.69 85.2297
82.69 88.2517
82.69 93.3692
82.69 97.758
82.69 101.418
82.69 104.933
82.69 108.303
85.23 1.685
85.23 5.055
85.23 8.57
85.23 12.23
85.23 16.6187
85.23 21.7363
85.23 24.7583
85.23 25.6848
85.23 27.418
85.23 29.958
85.23 32.878
85.23 36.178
85.23 39.098
85.23 41.638
85.23 43.3712
85.23 44.2978
85.23 45.2242
85.23 46.1508
84.2987 47.884
84.2987 50.886
85.23 53.344
85.23 56.644
84.2987 59.102
84.2987 62.104
85.23 63.8372
85.23 64.7638
85.23 65.6903
85.23 66.6167
85.23 68.35
85.23 70.89
85.23 73.81
85.23 77.11
85.23 80.03
85.23 82.57
85.23 84.3032
85.23 85.2297
85.23 88.2517
85.23 93.3692
85.23 97.758
85.23 101.418
85.23 104.933
85.23 108.303
87.77 1.685
87.77 5.055
87.77 8.57
87.77 12.23
87.77 16.6187
87.77 21.7363
87.77 24.7583
87.77 25.6848
87.77 27.418
87.77 29.958
87.77 32.878
87.77 36.178
87.77 39.098
87.77 41.638
87.77 43.3712
87.77 44.2978
87.77 45.2242
87.77 46.1508
87.77 47.884
87.77 50.424
87.77 53.344
87.77 56.644
87.77 59.564
87.77 62.104
87.77 63.8372
87.77 64.7638
87.77 65.6903
87.77 66.6167
87.77 68.35
87.77 70.89
87.77 73.81
87.77 77.11
87.77 80.03
87.77 82.57
87.77 84.3032
87.77 85.2297
87.77 88.2517
87.77 93.3692
87.77 97.758
87.77 101.418
87.77 104.933
87.77 108.303
90.69 1.685
90.69 5.055
90.69 8.57
90.69 12.23
90.69 16.6187
90.69 21.7363
90.69 24.7583
90.69 25.6848
90.69 27.418
90.69 29.958
90.69 32.878
90.69 36.178
90.69 39.098
90.69 41.638
90.69 43.3712
90.69 44.2978
90.69 45.2242
90.69 46.1508
90.69 47.884
90.69 50.424
90.69 53.344
90.69 56.644
90.69 59.564
90.69 62.104
90.69 63.8372
90.69 64.7638
90.69 65.6903
90.69 66.6167
90.69 68.35
90.69 70.89
90.69 73.81
90.69 77.11
90.69 80.03
90.69 82.57
90.69 84.3032
90.69 85.2297
90.69 88.2517
90.69 93.3692
90.69 97.758
90.69 101.418
90.69 104.933
90.69 108.303
93.99 1.685
93.99 5.055
93.99 8.57
93.99 12.23
93.99 16.6187
93.99 21.7363
93.99 24.7583
93.99 25.6848
93.99 27.418
93.99 29.958
93.99 32.878
93.99 36.178
93.99 39.098
93.99 41.638
93.99 43.3712
93.99 44.2978
93.99 45.2242
93.99 46.1508
93.99 47.884
93.99 50.424
93.99 53.344
93.99 56.644
93.99 59.564
93.99 62.104
93.99 63.8372
93.99 64.7638
93.99 65.6903
93.99 66.6167
93.99 68.35
93.99 70.89
93.99 73.81
93.99 77.11
93.99 80.03
93.99 82.57
93.99 84.3032
93.99 85.2297
93.99 88.2517
93.99 93.3692
93.99 97.758
93.99 101.418
93.99 104.933
93.99 108.303
96.91 1.685
96.91 5.055
96.91 8.57
96.91 12.23
96.91 16.6187
96.91 21.7363
96.91 24.7583
96.91 25.6848
96.91 27.418
96.91 29.958
96.91 32.878
96.91 36.178
96.91 39.098
96.91 41.638
96.91 43.3712
96.91 44.2978
96.91 45.2242
96.91 46.1508
96.91 47.884
96.91 50.424
96.91 53.344
96.91 56.644
96.91 59.564
96.91 62.104
96.91 63.8372
96.91 64.7638
96.91 65.6903
96.91 66.6167
96.91 68.35
96.91 70.89
96.91 73.81
96.91 77.11
96.91 80.03
96.91 82.57
96.91 84.3032
96.91 85.2297
96.91 88.2517
96.91 93.3692
96.91 97.758
96.91 101.418
96.91 104.933
96.91 108.303
99.45 1.685
99.45 5.055
99.45 8.57
99.45 12.23
99.45 16.6187
99.45 21.7363
99.45 24.7583
99.45 25.6848
99.45 27.418
99.45 29.958
99.45 32.878
99.45 36.178
99.45 39.098
99.45 41.638
99.45 43.3712
99.45 44.2978
99.45 45.2242
99.45 46.1508
99.45 47.884
99.45 50.424
99.45 53.344
99.45 56.644
99.45 59.564
99.45 62.104
99.45 63.8372
99.45 64.7638
99.45 65.6903
99.45 66.6167
99.45 68.35
99.45 70.89
99.45 73.81
99.45 77.11
99.45 80.03
99.45 82.57
99.45 84.3032
99.45 85.2297
99.45 88.2517
99.45 93.3692
99.45 97.758
99.45 101.418
99.45 104.933
99.45 108.303
101.99 1.685
101.99 5.055
101.99 8.57
101.99 12.23
101.99 16.6187
101.99 21.7363
101.99 24.7583
101.99 25.6848
101.99 27.418
101.99 29.958
101.99 32.878
101.99 36.178
101.99 39.098
101.99 41.638
101.99 43.3712
101.99 44.2978
101.99 45.2242
101.99 46.1508
101.99 47.884
101.99 50.424
101.99 53.344
101.99 56.644
101.99 59.564
101.99 62.104
101.99 63.8372
101.99 64.7638
101.99 65.6903
101.99 66.6167
101.99 68.35
101.99 70.89
101.99 73.81
101.99 77.11
101.99 80.03
101.99 82.57
101.99 84.3032
101.99 85.2297
101.99 88.2517
101.99 93.3692
101.99 97.758
101.99 101.418
101.99 104.933
101.99 108.303
104.53 1.685
104.53 5.055
104.53 8.57
104.53 12.23
104.53 16.6187
104.53 21.7363
104.53 24.7583
104.53 25.6848
104.53 27.418
104.53 29.958
104.53 32.878
104.53 36.178
104.53 39.098
104.53 41.638
104.53 43.3712
104.53 44.2978
104.53 45.2242
104.53 46.1508
104.53 47.884
104.53 50.424
104.53 53.344
104.53 56.644
104.53 59.564
104.53 62.104
104.53 63.8372
104.53 64.7638
104.53 65.6903
104.53 66.6167
104.53 68.35
104.53 70.89
104.53 73.81
104.53 77.11
104.53 80.03
104.53 82.57
104.53 84.3032
104.53 85.2297
104.53 88.2517
104.53 93.3692
104.53 97.758
104.53 101.418
104.53 104.933
104.53 108.303
107.45 1.685
107.45 5.055
107.45 8.57
107.45 12.23
107.45 16.6187
107.45 21.7363
107.45 24.7583
107.45 25.6848
107.45 27.418
107.45 29.958
107.45 32.878
107.45 36.178
107.45 39.098
107.45 41.638
107.45 43.3712
107.45 44.2978
107.45 45.2242
107.45 46.1508
107.45 47.884
107.45 50.424
107.45 53.344
107.45 56.644
107.45 59.564
107.45 62.104
107.45 63.8372
107.45 64.7638
107.45 65.6903
107.45 66.6167
107.45 68.35
107.45 70.89
107.45 73.81
107.45 77.11
107.45 80.03
107.45 82.57
107.45 84.3032
107.45 85.2297
107.45 88.2517
107.45 93.3692
107.45 97.758
107.45 101.418
107.45 104.933
107.45 108.303
110.75 1.685
110.75 5.055
110.75 8.57
110.75 12.23
110.75 16.6187
110.75 21.7363
110.75 24.7583
110.75 25.6848
110.75 27.418
110.75 29.958
110.75 32.878
110.75 36.178
110.75 39.098
110.75 41.638
110.75 43.3712
110.75 44.2978
110.75 45.2242
110.75 46.1508
110.75 47.884
110.75 50.424
110.75 53.344
110.75 56.644
110.75 59.564
110.75 62.104
110.75 63.8372
110.75 64.7638
110.75 65.6903
110.75 66.6167
110.75 68.35
110.75 70.89
110.75 73.81
110.75 77.11
110.75 80.03
110.75 82.57
110.75 84.3032
110.75 85.2297
110.75 88.2517
110.75 93.3692
110.75 97.758
110.75 101.418
110.75 104.933
110.75 108.303
113.67 1.685
113.67 5.055
113.67 8.57
113.67 12.23
113.67 16.6187
113.67 21.7363
113.67 24.7583
113.67 25.6848
113.67 27.418
113.67 29.958
113.67 32.878
113.67 36.178
113.67 39.098
113.67 41.638
113.67 43.3712
113.67 44.2978
113.67 45.2242
113.67 46.1508
113.67 47.884
113.67 50.424
113.67 53.344
113.67 56.644
113.67 59.564
113.67 62.104
113.67 63.8372
113.67 64.7638
113.67 65.6903
113.67 66.6167
113.67 68.35
113.67 70.89
113.67 73.81
113.67 77.11
113.67 80.03
113.67 82.57
113.67 84.3032
113.67 85.2297
113.67 88.2517
113.67 93.3692
113.67 97.758
113.67 101.418
113.67 104.933
113.67 108.303
116.21 1.685
116.21 5.055
116.21 8.57
116.21 12.23
116.21 16.6187
116.21 21.7363
116.21 24.7583
116.21 25.6848
116.21 27.418
116.21 29.958
116.21 32.878
116.21 36.178
116.21 39.098
116.21 41.638
116.21 43.3712
116.21 44.2978
116.21 45.2242
116.21 46.1508
116.21 47.884
116.21 50.424
116.21 53.344
116.21 56.644
116.21 59.564
116.21 62.104
116.21 63.8372
116.21 64.7638
116.21 65.6903
116.21 66.6167
116.21 68.35
116.21 70.89
116.21 73.81
116.21 77.11
116.21 80.03
116.21 82.57
116.21 84.3032
116.21 85.2297
116.21 88.2517
116.21 93.3692
116.21 97.758
116.21 101.418
116.21 104.933
116.21 108.303
119.07 1.685
119.07 5.055
119.07 8.57
119.07 12.23
119.07 16.6187
119.07 21.7363
119.07 24.7583
119.07 25.6848
119.07 27.418
119.07 29.958
119.07 32.878
119.07 36.178
119.07 39.098
119.07 41.638
119.07 43.3712
119.07 44.2978
119.07 45.2242
119.07 46.1508
119.07 47.884
119.07 50.424
119.07 53.344
119.07 56.644
119.07 59.564
119.07 62.104
119.07 63.8372
119.07 64.7638
119.07 65.6903
119.07 66.6167
119.07 68.35
119.07 70.89
119.07 73.81
119.07 77.11
119.07 80.03
119.07 82.57
119.07 84.3032
119.07 85.2297
119.07 88.2517
119.07 93.3692
119.07 97.758
119.07 101.418
119.07 104.933
119.07 108.303
122.25 1.685
122.25 5.055
122.25 8.57
122.25 12.23
122.25 16.6187
122.25 21.7363
122.25 24.7583
122.25 25.6848
122.25 27.418
122.25 29.958
122.25 32.878
122.25 36.178
122.25 39.098
122.25 41.638
122.25 43.3712
122.25 44.2978
122.25 45.2242
122.25 46.1508
122.25 47.884
122.25 50.424
122.25 53.344
122.25 56.644
122.25 59.564
122.25 62.104
122.25 63.8372
122.25 64.7638
122.25 65.6903
122.25 66.6167
122.25 68.35
122.25 70.89
122.25 73.81
122.25 77.11
122.25 80.03
122.25 82.57
122.25 84.3032
122.25 85.2297
122.25 88.2517
122.25 93.3692
122.25 97.758
122.25 101.418
122.25 104.933
122.25 108.303
125.6 1.685
125.6 5.055
125.6 8.57
125.6 12.23
125.6 16.6187
125.6 21.7363
125.6 24.7583
125.6 25.6848
125.6 27.418
125.6 29.958
125.6 32.878
125.6 36.178
125.6 39.098
125.6 41.638
125.6 43.3712
125.6 44.2978
125.6 45.2242
125.6 46.1508
125.6 47.884
125.6 50.424
125.6 53.344
125.6 56.644
125.6 59.564
125.6 62.104
125.6 63.8372
125.6 64.7638
125.6 65.6903
125.6 66.6167
125.6 68.35
125.6 70.89
125.6 73.81
125.6 77.11
125.6 80.03
125.6 82.57
125.6 84.3032
125.6 85.2297
125.6 88.2517
125.6 93.3692
125.6 97.758
125.6 101.418
125.6 104.933
125.6 108.303
129.12 1.685
129.12 5.055
129.12 8.57
129.12 12.23
129.12 16.6187
129.12 21.7363
129.12 24.7583
129.12 25.6848
129.12 27.418
129.12 29.958
129.12 32.878
129.12 36.178
129.12 39.098
129.12 41.638
129.12 43.3712
129.12 44.2978
129.12 45.2242
129.12 46.1508
129.12 47.884
129.12 50.424
129.12 53.344
129.12 56.644
129.12 59.564
129.12 62.104
129.12 63.8372
129.12 64.7638
129.12 65.6903
129.12 66.6167
129.12 68.35
129.12 70.89
129.12 73.81
129.12 77.11
129.12 80.03
129.12 82.57
129.12 84.3032
129.12 85.2297
129.12 88.2517
129.12 93.3692
129.12 97.758
129.12 101.418
129.12 104.933
129.12 108.303
132.64 1.685
132.64 5.055
132.64 8.57
132.64 12.23
132.64 16.6187
132.64 21.7363
132.64 24.7583
132.64 25.6848
132.64 27.418
132.64 29.958
132.64 32.878
132.64 36.178
132.64 39.098
132.64 41.638
132.64 43.3712
132.64 44.2978
132.64 45.2242
132.64 46.1508
132.64 47.884
132.64 50.424
132.64 53.344
132.64 56.644
132.64 59.564
132.64 62.104
132.64 63.8372
132.64 64.7638
132.64 65.6903
132.64 66.6167
132.64 68.35
132.64 70.89
132.64 73.81
132.64 77.11
132.64 80.03
132.64 82.57
132.64 84.3032
132.64 85.2297
132.64 88.2517
132.64 93.3692
132.64 97.758
132.64 101.418
132.64 104.933
132.64 108.303
136.16 1.685
136.16 5.055
136.16 8.57
136.16 12.23
136.16 16.6187
136.16 21.7363
136.16 24.7583
136.16 25.6848
136.16 27.418
136.16 29.958
136.16 32.878
136.16 36.178
136.16 39.098
136.16 41.638
136.16 43.3712
136.16 44.2978
136.16 45.2242
136.16 46.1508
136.16 47.884
136.16 50.424
136.16 53.344
136.16 56.644
136.16 59.564
136.16 62.104
136.16 63.8372
136.16 64.7638
136.16 65.6903
136.16 66.6167
136.16 68.35
136.16 70.89
136.16 73.81
136.16 77.11
136.16 80.03
136.16 82.57
136.16 84.3032
136.16 85.2297
136.16 88.2517
136.16 93.3692
136.16 97.758
136.16 101.418
136.16 104.933
136.16 108.303
139.68 1.685
139.68 5.055
139.68 8.57
139.68 12.23
139.68 16.6187
139.68 21.7363
139.68 24.7583
139.68 25.6848
139.68 27.418
139.68 29.958
139.68 32.878
139.68 36.178
139.68 39.098
139.68 41.638
139.68 43.3712
139.68 44.2978
139.68 45.2242
139.68 46.1508
139.68 47.884
139.68 50.424
139.68 53.344
139.68 56.644
139.68 59.564
139.68 62.104
139.68 63.8372
139.68 64.7638
139.68 65.6903
139.68 66.6167
139.68 68.35
139.68 70.89
139.68 73.81
139.68 77.11
139.68 80.03
139.68 82.57
139.68 84.3032
139.68 85.2297
139.68 88.2517
139.68 93.3692
139.68 97.758
139.68 101.418
139.68 104.933
139.68 108.303
143.2 1.685
143.2 5.055
143.2 8.57
143.2 12.23
143.2 16.6187
143.2 21.7363
143.2 24.7583
143.2 25.6848
143.2 27.418
143.2 29.958
143.2 32.878
143.2 36.178
143.2 39.098
143.2 41.638
143.2 43.3712
143.2 44.2978
143.2 45.2242
143.2 46.1508
143.2 47.884
143.2 50.424
143.2 53.344
143.2 56.644
143.2 59.564
143.2 62.104
143.2 63.8372
143.2 64.7638
143.2 65.6903
143.2 66.6167
143.2 68.35
143.2 70.89
143.2 73.81
143.2 77.11
143.2 80.03
143.2 82.57
143.2 84.3032
143.2 85.2297
143.2 88.2517
143.2 93.3692
143.2 97.758
143.2 101.418
143.2 104.933
143.2 108.303
146.72 1.685
146.72 5.055
146.72 8.57
146.72 12.23
146.72 16.6187
146.72 21.7363
146.72 24.7583
146.72 25.6848
146.72 27.418
146.72 29.958
146.72 32.878
146.72 36.178
146.72 39.098
146.72 41.638
146.72 43.3712
146.72 44.2978
146.72 45.2242
146.72 46.1508
146.72 47.884
146.72 50.424
146.72 53.344
146.72 56.644
146.72 59.564
146.72 62.104
146.72 63.8372
146.72 64.7638
146.72 65.6903
146.72 66.6167
146.72 68.35
146.72 70.89
146.72 73.81
146.72 77.11
146.72 80.03
146.72 82.57
146.72 84.3032
146.72 85.2297
146.72 88.2517
146.72 93.3692
146.72 97.758
146.72 101.418
146.72 104.933
146.72 108.303
150.24 1.685
150.24 5.055
150.24 8.57
150.24 12.23
150.24 16.6187
150.24 21.7363
150.24 24.7583
150.24 25.6848
150.24 27.418
150.24 29.958
150.24 32.878
150.24 36.178
150.24 39.098
150.24 41.638
150.24 43.3712
150.24 44.2978
150.24 45.2242
150.24 46.1508
150.24 47.884
150.24 50.424
150.24 53.344
150.24 56.644
150.24 59.564
150.24 62.104
150.24 63.8372
150.24 64.7638
150.24 65.6903
150.24 66.6167
150.24 68.35
150.24 70.89
150.24 73.81
150.24 77.11
150.24 80.03
150.24 82.57
150.24 84.3032
150.24 85.2297
150.24 88.2517
150.24 93.3692
150.24 97.758
150.24 101.418
150.24 104.933
150.24 108.303
