     fun: 0.0014356932248713906
     jac: array([ 1.94648180e-06, -2.09098430e-06,  4.99345556e-06, -2.97210821e-06,
        2.72621828e-06,  0.00000000e+00,  0.00000000e+00,  0.00000000e+00,
        0.00000000e+00,  1.29241753e-06,  1.63132010e-06, -4.72424148e-07,
       -4.09588633e-07, -1.72492101e-06,  6.01496934e-09, -4.23248676e-08,
        1.82567542e-07, -1.13702877e-06,  2.25638154e-06,  9.52186550e-08,
       -3.41327344e-07,  1.94171667e-07,  2.61743682e-07, -2.35837625e-06,
        0.00000000e+00,  0.00000000e+00,  0.00000000e+00,  2.42578026e-07,
        2.01058265e-07, -2.76517273e-07,  2.03583775e-06,  5.93306007e-06,
       -1.57994205e-06,  1.60834524e-06, -9.87914594e-07, -2.46559228e-06,
        3.26431937e-08,  0.00000000e+00,  0.00000000e+00,  0.00000000e+00,
        0.00000000e+00,  0.00000000e+00,  0.00000000e+00,  0.00000000e+00,
        0.00000000e+00, -1.79443359e-07,  1.37762532e-06, -1.17164725e-06,
       -1.50338524e-07,  6.95397884e-08, -4.12564015e-08,  9.70854300e-08,
       -1.88879270e-07, -8.77480996e-07,  0.00000000e+00,  0.00000000e+00,
        0.00000000e+00,  0.00000000e+00,  0.00000000e+00,  0.00000000e+00,
        0.00000000e+00,  0.00000000e+00,  0.00000000e+00,  0.00000000e+00,
        0.00000000e+00,  0.00000000e+00,  0.00000000e+00,  0.00000000e+00,
        0.00000000e+00,  0.00000000e+00,  0.00000000e+00,  0.00000000e+00,
        0.00000000e+00,  0.00000000e+00,  0.00000000e+00,  0.00000000e+00,
        0.00000000e+00,  0.00000000e+00,  0.00000000e+00,  0.00000000e+00,
        0.00000000e+00,  0.00000000e+00,  0.00000000e+00,  0.00000000e+00,
        0.00000000e+00,  0.00000000e+00,  0.00000000e+00,  0.00000000e+00,
        0.00000000e+00,  0.00000000e+00,  0.00000000e+00,  0.00000000e+00,
        0.00000000e+00,  0.00000000e+00,  0.00000000e+00,  0.00000000e+00,
        0.00000000e+00,  0.00000000e+00,  0.00000000e+00])
 message: 'Optimization terminated successfully.'
    nfev: 208
     nit: 2
    njev: 2
  status: 0
 success: True
       x: array([0.09999997, 0.19999995, 0.30000008, 0.39999997, 0.49999996,
       0.59999999, 0.7       , 0.8       , 0.9       , 0.02777798,
       0.05555597, 0.08333301, 0.11111001, 0.13889003, 0.16667   ,
       0.19444   , 0.22222   , 0.25000002, 0.74999996, 0.77778   ,
       0.80556001, 0.83333   , 0.86111   , 0.88889004, 0.91667   ,
       0.94444   , 0.97222   , 0.027778  , 0.055556  , 0.083333  ,
       0.11111   , 0.13889   , 0.16667   , 0.19444   , 0.22222   ,
       0.25      , 0.74999998, 0.77778   , 0.80556   , 0.83333   ,
       0.86111   , 0.88888996, 0.91667   , 0.94444002, 0.97222001,
       0.027778  , 0.055556  , 0.083333  , 0.1117479 , 0.13889   ,
       0.16667   , 0.19444   , 0.22222001, 0.25000003, 0.74999996,
       0.77778004, 0.80556   , 0.83333   , 0.86111   , 0.88889   ,
       0.91667   , 0.94444   , 0.97222   , 0.027778  , 0.055556  ,
       0.083333  , 0.11111   , 0.13889   , 0.16667   , 0.19444   ,
       0.22222   , 0.25      , 0.75      , 0.77778   , 0.80556   ,
       0.83333   , 0.86111   , 0.88889   , 0.91667   , 0.94444   ,
       0.97222   , 0.027778  , 0.055556  , 0.083333  , 0.11111   ,
       0.13889   , 0.16667   , 0.19444   , 0.22222   , 0.25      ,
       0.75      , 0.77778   , 0.80556   , 0.83333   , 0.86111   ,
       0.88889   , 0.91667   , 0.94444   , 0.97222   ])