0.989582 0.997234
0.992444 0.992444
0.997234 0.989582
0.976559 0.993777
0.982999 0.982999
0.993777 0.976559
0.959386 0.987826
0.970169 0.970169
0.987826 0.959386
0.926917 0.985463
0.941812 0.961903
0.961903 0.941812
0.985463 0.926917
0.853833 0.970926
0.876086 0.917203
0.917203 0.876086
0.970926 0.853833
0.756388 0.951543
0.793476 0.862005
0.862005 0.793476
0.951543 0.756388
0.658944 0.93216
0.710866 0.806807
0.806807 0.710866
0.93216 0.658944
0.512777 0.903085
0.586952 0.72401
0.72401 0.586952
0.903085 0.512777
0.317887 0.864319
0.421733 0.613614
0.613614 0.421733
0.864319 0.317887
0.165332 0.831926
0.254342 0.492036
0.492036 0.254342
0.831926 0.165332
0.0551107 0.805904
0.0847808 0.359274
0.359274 0.0847808
0.805904 0.0551107
0.997234 1.01042
0.992444 1.00756
0.989582 1.00277
0.993777 1.02344
0.982999 1.017
0.976559 1.00622
0.987826 1.04061
0.970169 1.02983
0.959386 1.01217
0.985463 1.07308
0.961903 1.05819
0.941812 1.0381
0.926917 1.01454
0.970926 1.14617
0.917203 1.12391
0.876086 1.0828
0.853833 1.02907
0.951543 1.24361
0.862005 1.20652
0.793476 1.13799
0.756388 1.04846
0.93216 1.34106
0.806807 1.28913
0.710866 1.19319
0.658944 1.06784
0.903085 1.48722
0.72401 1.41305
0.586952 1.27599
0.512777 1.09691
0.864319 1.68211
0.613614 1.57827
0.421733 1.38639
0.317887 1.13568
0.831926 1.83467
0.492036 1.74566
0.254342 1.50796
0.165332 1.16807
0.805904 1.94489
0.359274 1.91522
0.0847808 1.64073
0.0551107 1.1941
0.517157 2.4
0.5 3.5
0.5 4.5
0.5 5.5
0.5 6.5
0.5 7.5
0.5 8.5
0.5 9.5
1.00277 0.989582
1.00756 0.992444
1.01042 0.997234
1.00622 0.976559
1.017 0.982999
1.02344 0.993777
1.01217 0.959386
1.02983 0.970169
1.04061 0.987826
1.01454 0.926917
1.0381 0.941812
1.05819 0.961903
1.07308 0.985463
1.02907 0.853833
1.0828 0.876086
1.12391 0.917203
1.14617 0.970926
1.04846 0.756388
1.13799 0.793476
1.20652 0.862005
1.24361 0.951543
1.06784 0.658944
1.19319 0.710866
1.28913 0.806807
1.34106 0.93216
1.09691 0.512777
1.27599 0.586952
1.41305 0.72401
1.48722 0.903085
1.13568 0.317887
1.38639 0.421733
1.57827 0.613614
1.68211 0.864319
1.16807 0.165332
1.50796 0.254342
1.74566 0.492036
1.83467 0.831926
1.1941 0.0551107
1.64073 0.0847808
1.91522 0.359274
1.94489 0.805904
1.01042 1.00277
1.00756 1.00756
1.00277 1.01042
1.02344 1.00622
1.017 1.017
1.00622 1.02344
1.04061 1.01217
1.02983 1.02983
1.01217 1.04061
1.07308 1.01454
1.05819 1.0381
1.0381 1.05819
1.01454 1.07308
1.14617 1.02907
1.12391 1.0828
1.0828 1.12391
1.02907 1.14617
1.24361 1.04846
1.20652 1.13799
1.13799 1.20652
1.04846 1.24361
1.34106 1.06784
1.28913 1.19319
1.19319 1.28913
1.06784 1.34106
1.48722 1.09691
1.41305 1.27599
1.27599 1.41305
1.09691 1.48722
1.68211 1.13568
1.57827 1.38639
1.38639 1.57827
1.13568 1.68211
1.83467 1.16807
1.74566 1.50796
1.50796 1.74566
1.16807 1.83467
1.94489 1.1941
1.91522 1.64073
1.64073 1.91522
1.1941 1.94489
1.48284 2.4
1.5 3.5
1.5 4.5
1.5 5.5
1.5 6.5
1.5 7.5
1.5 8.5
1.5 9.5
2.4 0.517157
2.4 1.48284
2.5 2.5
2.5 3.5
2.5 4.5
2.5 5.5
2.5 6.5
2.5 7.5
2.5 8.5
2.5 9.5
3.5 0.5
3.5 1.5
3.5 2.5
3.5 3.5
3.5 4.5
3.5 5.5
3.5 6.5
3.5 7.5
3.5 8.5
3.5 9.5
4.5 0.5
4.5 1.5
4.5 2.5
4.5 3.5
4.5 4.5
4.5 5.5
4.5 6.5
4.5 7.5
4.5 8.5
4.5 9.5
5.5 0.5
5.5 1.5
5.5 2.5
5.5 3.5
5.5 4.5
5.5 5.5
5.5 6.5
5.5 7.5
5.5 8.5
5.5 9.5
6.5 0.5
6.5 1.5
6.5 2.5
6.5 3.5
6.5 4.5
6.5 5.5
6.5 6.5
6.5 7.5
6.5 8.5
6.5 9.5
7.5 0.5
7.5 1.5
7.5 2.5
7.5 3.5
7.5 4.5
7.5 5.5
7.5 6.5
7.5 7.5
7.6 8.51716
7.6 9.48284
8.5 0.5
8.5 1.5
8.5 2.5
8.5 3.5
8.5 4.5
8.5 5.5
8.5 6.5
8.51716 7.6
8.98958 8.99723
8.99244 8.99244
8.99723 8.98958
8.97656 8.99378
8.983 8.983
8.99378 8.97656
8.95939 8.98783
8.97017 8.97017
8.98783 8.95939
8.92692 8.98546
8.94181 8.9619
8.9619 8.94181
8.98546 8.92692
8.85383 8.97093
8.87609 8.9172
8.9172 8.87609
8.97093 8.85383
8.75639 8.95154
8.79348 8.86201
8.86201 8.79348
8.95154 8.75639
8.65894 8.93216
8.71087 8.80681
8.80681 8.71087
8.93216 8.65894
8.51278 8.90309
8.58695 8.72401
8.72401 8.58695
8.90309 8.51278
8.31789 8.86432
8.42173 8.61361
8.61361 8.42173
8.86432 8.31789
8.16533 8.83193
8.25434 8.49204
8.49204 8.25434
8.83193 8.16533
8.05511 8.8059
8.08478 8.35927
8.35927 8.08478
8.8059 8.05511
8.99723 9.01042
8.99244 9.00756
8.98958 9.00277
8.99378 9.02344
8.983 9.017
8.97656 9.00622
8.98783 9.04061
8.97017 9.02983
8.95939 9.01217
8.98546 9.07308
8.9619 9.05819
8.94181 9.0381
8.92692 9.01454
8.97093 9.14617
8.9172 9.12391
8.87609 9.0828
8.85383 9.02907
8.95154 9.24361
8.86201 9.20652
8.79348 9.13799
8.75639 9.04846
8.93216 9.34106
8.80681 9.28913
8.71087 9.19319
8.65894 9.06784
8.90309 9.48722
8.72401 9.41305
8.58695 9.27599
8.51278 9.09691
8.86432 9.68211
8.61361 9.57827
8.42173 9.38639
8.31789 9.13568
8.83193 9.83467
8.49204 9.74566
8.25434 9.50796
8.16533 9.16807
8.8059 9.94489
8.35927 9.91522
8.08478 9.64073
8.05511 9.1941
9.5 0.5
9.5 1.5
9.5 2.5
9.5 3.5
9.5 4.5
9.5 5.5
9.5 6.5
9.48284 7.6
9.00277 8.98958
9.00756 8.99244
9.01042 8.99723
9.00622 8.97656
9.017 8.983
9.02344 8.99378
9.01217 8.95939
9.02983 8.97017
9.04061 8.98783
9.01454 8.92692
9.0381 8.94181
9.05819 8.9619
9.07308 8.98546
9.02907 8.85383
9.0828 8.87609
9.12391 8.9172
9.14617 8.97093
9.04846 8.75639
9.13799 8.79348
9.20652 8.86201
9.24361 8.95154
9.06784 8.65894
9.19319 8.71087
9.28913 8.80681
9.34106 8.93216
9.09691 8.51278
9.27599 8.58695
9.41305 8.72401
9.48722 8.90309
9.13568 8.31789
9.38639 8.42173
9.57827 8.61361
9.68211 8.86432
9.16807 8.16533
9.50796 8.25434
9.74566 8.49204
9.83467 8.83193
9.1941 8.05511
9.64073 8.08478
9.91522 8.35927
9.94489 8.8059
9.01042 9.00277
9.00756 9.00756
9.00277 9.01042
9.02344 9.00622
9.017 9.017
9.00622 9.02344
9.04061 9.01217
9.02983 9.02983
9.01217 9.04061
9.07308 9.01454
9.05819 9.0381
9.0381 9.05819
9.01454 9.07308
9.14617 9.02907
9.12391 9.0828
9.0828 9.12391
9.02907 9.14617
9.24361 9.04846
9.20652 9.13799
9.13799 9.20652
9.04846 9.24361
9.34106 9.06784
9.28913 9.19319
9.19319 9.28913
9.06784 9.34106
9.48722 9.09691
9.41305 9.27599
9.27599 9.41305
9.09691 9.48722
9.68211 9.13568
9.57827 9.38639
9.38639 9.57827
9.13568 9.68211
9.83467 9.16807
9.74566 9.50796
9.50796 9.74566
9.16807 9.83467
9.94489 9.1941
9.91522 9.64073
9.64073 9.91522
9.1941 9.94489
