0.0604164 0.0619469
0.0609888 0.0609888
0.0619469 0.0604164
0.0578118 0.0612554
0.0590997 0.0590997
0.0612554 0.0578118
0.0543773 0.0600652
0.0565337 0.0565337
0.0600652 0.0543773
0.0430111 0.0586234
0.0475579 0.0526727
0.0526727 0.0475579
0.0586234 0.0430111
0.02495 0.0549028
0.0282878 0.0390319
0.0390319 0.0282878
0.0549028 0.02495
0.00831665 0.0513381
0.00942928 0.0252145
0.0252145 0.00942928
0.0513381 0.00831665
0.0619469 0.0645836
0.0609888 0.0640112
0.0604164 0.0630531
0.0612554 0.0671882
0.0590997 0.0659003
0.0578118 0.0637446
0.0600652 0.0706227
0.0565337 0.0684663
0.0543773 0.0649348
0.0586234 0.0819889
0.0526727 0.0774421
0.0475579 0.0723273
0.0430111 0.0663766
0.0549028 0.10005
0.0390319 0.0967122
0.0282878 0.0859681
0.02495 0.0700972
0.0513381 0.116683
0.0252145 0.115571
0.00942928 0.0997855
0.00831665 0.0736619
0.0323223 0.15
0.03125 0.21875
0.03125 0.28125
0.03125 0.34375
0.03125 0.40625
0.03125 0.46875
0.03125 0.53125
0.03125 0.59375
0.03125 0.65625
0.03125 0.71875
0.03125 0.78125
0.03125 0.84375
0.03125 0.90625
0.03125 0.96875
0.0630531 0.0604164
0.0640112 0.0609888
0.0645836 0.0619469
0.0637446 0.0578118
0.0659003 0.0590997
0.0671882 0.0612554
0.0649348 0.0543773
0.0684663 0.0565337
0.0706227 0.0600652
0.0663766 0.0430111
0.0723273 0.0475579
0.0774421 0.0526727
0.0819889 0.0586234
0.0700972 0.02495
0.0859681 0.0282878
0.0967122 0.0390319
0.10005 0.0549028
0.0736619 0.00831665
0.0997855 0.00942928
0.115571 0.0252145
0.116683 0.0513381
0.0645836 0.0630531
0.0640112 0.0640112
0.0630531 0.0645836
0.0671882 0.0637446
0.0659003 0.0659003
0.0637446 0.0671882
0.0706227 0.0649348
0.0684663 0.0684663
0.0649348 0.0706227
0.0819889 0.0663766
0.0774421 0.0723273
0.0723273 0.0774421
0.0663766 0.0819889
0.10005 0.0700972
0.0967122 0.0859681
0.0859681 0.0967122
0.0700972 0.10005
0.116683 0.0736619
0.115571 0.0997855
0.0997855 0.115571
0.0736619 0.116683
0.0926777 0.15
0.09375 0.21875
0.09375 0.28125
0.09375 0.34375
0.09375 0.40625
0.09375 0.46875
0.09375 0.53125
0.09375 0.59375
0.09375 0.65625
0.09375 0.71875
0.09375 0.78125
0.09375 0.84375
0.09375 0.90625
0.09375 0.96875
0.15 0.0323223
0.15 0.0926777
0.15625 0.15625
0.15625 0.21875
0.15625 0.28125
0.15625 0.34375
0.15625 0.40625
0.15625 0.46875
0.15625 0.53125
0.15625 0.59375
0.15625 0.65625
0.15625 0.71875
0.15625 0.78125
0.15625 0.84375
0.15625 0.90625
0.15625 0.96875
0.21875 0.03125
0.21875 0.09375
0.21875 0.15625
0.21875 0.21875
0.21875 0.28125
0.21875 0.34375
0.21875 0.40625
0.21875 0.46875
0.21875 0.53125
0.21875 0.59375
0.21875 0.65625
0.21875 0.71875
0.21875 0.78125
0.21875 0.84375
0.21875 0.90625
0.21875 0.96875
0.28125 0.03125
0.28125 0.09375
0.28125 0.15625
0.28125 0.21875
0.28125 0.28125
0.28125 0.34375
0.28125 0.40625
0.28125 0.46875
0.28125 0.53125
0.28125 0.59375
0.28125 0.65625
0.28125 0.71875
0.28125 0.78125
0.28125 0.84375
0.28125 0.90625
0.28125 0.96875
0.34375 0.03125
0.34375 0.09375
0.34375 0.15625
0.34375 0.21875
0.34375 0.28125
0.34375 0.34375
0.34375 0.40625
0.34375 0.46875
0.34375 0.53125
0.34375 0.59375
0.34375 0.65625
0.34375 0.71875
0.34375 0.78125
0.34375 0.84375
0.34375 0.90625
0.34375 0.96875
0.40625 0.03125
0.40625 0.09375
0.40625 0.15625
0.40625 0.21875
0.40625 0.28125
0.40625 0.34375
0.40625 0.40625
0.40625 0.46875
0.40625 0.53125
0.40625 0.59375
0.40625 0.65625
0.40625 0.71875
0.40625 0.78125
0.40625 0.84375
0.40625 0.90625
0.40625 0.96875
0.46875 0.03125
0.46875 0.09375
0.46875 0.15625
0.46875 0.21875
0.46875 0.28125
0.46875 0.34375
0.46875 0.40625
0.46875 0.46875
0.46875 0.53125
0.46875 0.59375
0.46875 0.65625
0.46875 0.71875
0.46875 0.78125
0.46875 0.84375
0.46875 0.90625
0.46875 0.96875
0.53125 0.03125
0.53125 0.09375
0.53125 0.15625
0.53125 0.21875
0.53125 0.28125
0.53125 0.34375
0.53125 0.40625
0.53125 0.46875
0.53125 0.53125
0.53125 0.59375
0.53125 0.65625
0.53125 0.71875
0.53125 0.78125
0.53125 0.84375
0.53125 0.90625
0.53125 0.96875
0.59375 0.03125
0.59375 0.09375
0.59375 0.15625
0.59375 0.21875
0.59375 0.28125
0.59375 0.34375
0.59375 0.40625
0.59375 0.46875
0.59375 0.53125
0.59375 0.59375
0.59375 0.65625
0.59375 0.71875
0.59375 0.78125
0.59375 0.84375
0.59375 0.90625
0.59375 0.96875
0.65625 0.03125
0.65625 0.09375
0.65625 0.15625
0.65625 0.21875
0.65625 0.28125
0.65625 0.34375
0.65625 0.40625
0.65625 0.46875
0.65625 0.53125
0.65625 0.59375
0.65625 0.65625
0.65625 0.71875
0.65625 0.78125
0.65625 0.84375
0.65625 0.90625
0.65625 0.96875
0.71875 0.03125
0.71875 0.09375
0.71875 0.15625
0.71875 0.21875
0.71875 0.28125
0.71875 0.34375
0.71875 0.40625
0.71875 0.46875
0.71875 0.53125
0.71875 0.59375
0.71875 0.65625
0.71875 0.71875
0.71875 0.78125
0.71875 0.84375
0.71875 0.90625
0.71875 0.96875
0.78125 0.03125
0.78125 0.09375
0.78125 0.15625
0.78125 0.21875
0.78125 0.28125
0.78125 0.34375
0.78125 0.40625
0.78125 0.46875
0.78125 0.53125
0.78125 0.59375
0.78125 0.65625
0.78125 0.71875
0.78125 0.78125
0.78125 0.84375
0.78125 0.90625
0.78125 0.96875
0.84375 0.03125
0.84375 0.09375
0.84375 0.15625
0.84375 0.21875
0.84375 0.28125
0.84375 0.34375
0.84375 0.40625
0.84375 0.46875
0.84375 0.53125
0.84375 0.59375
0.84375 0.65625
0.84375 0.71875
0.84375 0.78125
0.84375 0.84375
0.85 0.907322
0.85 0.967678
0.90625 0.03125
0.90625 0.09375
0.90625 0.15625
0.90625 0.21875
0.90625 0.28125
0.90625 0.34375
0.90625 0.40625
0.90625 0.46875
0.90625 0.53125
0.90625 0.59375
0.90625 0.65625
0.90625 0.71875
0.90625 0.78125
0.907322 0.85
0.935416 0.936947
0.935989 0.935989
0.936947 0.935416
0.932812 0.936255
0.9341 0.9341
0.936255 0.932812
0.929377 0.935065
0.931534 0.931534
0.935065 0.929377
0.918011 0.933623
0.922558 0.927673
0.927673 0.922558
0.933623 0.918011
0.89995 0.929903
0.903288 0.914032
0.914032 0.903288
0.929903 0.89995
0.883317 0.926338
0.884429 0.900215
0.900215 0.884429
0.926338 0.883317
0.936947 0.939584
0.935989 0.939011
0.935416 0.938053
0.936255 0.942188
0.9341 0.9409
0.932812 0.938745
0.935065 0.945623
0.931534 0.943466
0.929377 0.939935
0.933623 0.956989
0.927673 0.952442
0.922558 0.947327
0.918011 0.941377
0.929903 0.97505
0.914032 0.971712
0.903288 0.960968
0.89995 0.945097
0.926338 0.991683
0.900215 0.990571
0.884429 0.974785
0.883317 0.948662
0.96875 0.03125
0.96875 0.09375
0.96875 0.15625
0.96875 0.21875
0.96875 0.28125
0.96875 0.34375
0.96875 0.40625
0.96875 0.46875
0.96875 0.53125
0.96875 0.59375
0.96875 0.65625
0.96875 0.71875
0.96875 0.78125
0.967678 0.85
0.938053 0.935416
0.939011 0.935989
0.939584 0.936947
0.938745 0.932812
0.9409 0.9341
0.942188 0.936255
0.939935 0.929377
0.943466 0.931534
0.945623 0.935065
0.941377 0.918011
0.947327 0.922558
0.952442 0.927673
0.956989 0.933623
0.945097 0.89995
0.960968 0.903288
0.971712 0.914032
0.97505 0.929903
0.948662 0.883317
0.974785 0.884429
0.990571 0.900215
0.991683 0.926338
0.939584 0.938053
0.939011 0.939011
0.938053 0.939584
0.942188 0.938745
0.9409 0.9409
0.938745 0.942188
0.945623 0.939935
0.943466 0.943466
0.939935 0.945623
0.956989 0.941377
0.952442 0.947327
0.947327 0.952442
0.941377 0.956989
0.97505 0.945097
0.971712 0.960968
0.960968 0.971712
0.945097 0.97505
0.991683 0.948662
0.990571 0.974785
0.974785 0.990571
0.948662 0.991683
