0.000000000000000000e+00
7.000000000000000000e+00
1.461999999999999922e+01
1.615650000000000119e+01
1.716000000000000014e+01
1.816349999999999909e+01
1.969999999999999929e+01
3.050000000000000000e+01
3.875999999999999801e+01
4.789999999999999858e+01
5.552000000000000313e+01
6.465999999999999659e+01
6.783499999999999375e+01
6.846999999999999886e+01
6.910500000000000398e+01
6.973999999999999488e+01
7.153000000000000114e+01
7.178000000000000114e+01
7.203000000000000114e+01
7.228000000000000114e+01
7.326999999999999602e+01
7.426000000000000512e+01
7.492000000000000171e+01
7.557999999999999829e+01
7.623999999999999488e+01
7.690000000000000568e+01
7.789000000000000057e+01
7.887999999999999545e+01
7.912999999999999545e+01
7.937999999999999545e+01
7.962999999999999545e+01
8.142000000000000171e+01
8.205500000000000682e+01
8.268999999999999773e+01
8.332500000000000284e+01
8.650000000000000000e+01
9.564000000000000057e+01
1.032600000000000051e+02
1.124000000000000057e+02
1.206599999999999966e+02
1.308799999999999955e+02
1.414399999999999977e+02
1.520000000000000000e+02
