0.000000000000000000e+00
3.619047619047619069e+00
7.238095238095238138e+00
1.085714285714285765e+01
1.447619047619047628e+01
1.809523809523809490e+01
2.171428571428571530e+01
2.533333333333333215e+01
2.895238095238095255e+01
3.257142857142856940e+01
3.619047619047618980e+01
3.980952380952381020e+01
4.342857142857143060e+01
4.704761904761905100e+01
5.066666666666666430e+01
5.428571428571428470e+01
5.790476190476190510e+01
6.152380952380952550e+01
6.514285714285713880e+01
6.876190476190475920e+01
7.238095238095237960e+01
7.600000000000000000e+01
7.961904761904762040e+01
8.323809523809524080e+01
8.685714285714286120e+01
9.047619047619048160e+01
9.409523809523810201e+01
9.771428571428570820e+01
1.013333333333333286e+02
1.049523809523809490e+02
1.085714285714285694e+02
1.121904761904761898e+02
1.158095238095238102e+02
1.194285714285714306e+02
1.230476190476190510e+02
1.266666666666666714e+02
1.302857142857142776e+02
1.339047619047618980e+02
1.375238095238095184e+02
1.411428571428571388e+02
1.447619047619047592e+02
1.483809523809523796e+02
1.520000000000000000e+02
