0.000000000000000000e+00 4.230307692307691880e+00 8.460615384615383761e+00 1.269092307692307564e+01 1.692123076923076752e+01 2.115153846153845763e+01 2.538184615384615128e+01 2.961215384615384494e+01 3.384246153846153504e+01 3.807276923076922515e+01 4.230307692307691525e+01 4.653338461538461246e+01 5.076369230769230256e+01 5.499399999999999267e+01
0.000000000000000000e+00 4.230307692307691880e+00 8.460615384615383761e+00 1.269092307692307564e+01 1.692123076923076752e+01 2.115153846153845763e+01 2.538184615384615128e+01 2.961215384615384494e+01 3.384246153846153504e+01 3.807276923076922515e+01 4.230307692307691525e+01 4.653338461538461246e+01 5.076369230769230256e+01 5.499399999999999267e+01
0.000000000000000000e+00 4.230307692307691880e+00 8.460615384615383761e+00 1.269092307692307564e+01 1.692123076923076752e+01 2.115153846153845763e+01 2.538184615384615128e+01 2.961215384615384494e+01 3.384246153846153504e+01 3.807276923076922515e+01 4.230307692307691525e+01 4.653338461538461246e+01 5.076369230769230256e+01 5.499399999999999267e+01
0.000000000000000000e+00 4.230307692307691880e+00 8.460615384615383761e+00 1.269092307692307564e+01 1.692123076923076752e+01 2.115153846153845763e+01 2.538184615384615128e+01 2.961215384615384494e+01 3.384246153846153504e+01 3.807276923076922515e+01 4.230307692307691525e+01 4.653338461538461246e+01 5.076369230769230256e+01 5.499399999999999267e+01
0.000000000000000000e+00 4.230307692307691880e+00 8.460615384615383761e+00 1.269092307692307564e+01 1.692123076923076752e+01 2.115153846153845763e+01 2.538184615384615128e+01 2.961215384615384494e+01 3.384246153846153504e+01 3.807276923076922515e+01 4.230307692307691525e+01 4.653338461538461246e+01 5.076369230769230256e+01 5.499399999999999267e+01
0.000000000000000000e+00 4.230307692307691880e+00 8.460615384615383761e+00 1.269092307692307564e+01 1.692123076923076752e+01 2.115153846153845763e+01 2.538184615384615128e+01 2.961215384615384494e+01 3.384246153846153504e+01 3.807276923076922515e+01 4.230307692307691525e+01 4.653338461538461246e+01 5.076369230769230256e+01 5.499399999999999267e+01
0.000000000000000000e+00 4.230307692307691880e+00 8.460615384615383761e+00 1.269092307692307564e+01 1.692123076923076752e+01 2.115153846153845763e+01 2.538184615384615128e+01 2.961215384615384494e+01 3.384246153846153504e+01 3.807276923076922515e+01 4.230307692307691525e+01 4.653338461538461246e+01 5.076369230769230256e+01 5.499399999999999267e+01
0.000000000000000000e+00 4.230307692307691880e+00 8.460615384615383761e+00 1.269092307692307564e+01 1.692123076923076752e+01 2.115153846153845763e+01 2.538184615384615128e+01 2.961215384615384494e+01 3.384246153846153504e+01 3.807276923076922515e+01 4.230307692307691525e+01 4.653338461538461246e+01 5.076369230769230256e+01 5.499399999999999267e+01
0.000000000000000000e+00 4.230307692307691880e+00 8.460615384615383761e+00 1.269092307692307564e+01 1.692123076923076752e+01 2.115153846153845763e+01 2.538184615384615128e+01 2.961215384615384494e+01 3.384246153846153504e+01 3.807276923076922515e+01 4.230307692307691525e+01 4.653338461538461246e+01 5.076369230769230256e+01 5.499399999999999267e+01
0.000000000000000000e+00 4.230307692307691880e+00 8.460615384615383761e+00 1.269092307692307564e+01 1.692123076923076752e+01 2.115153846153845763e+01 2.538184615384615128e+01 2.961215384615384494e+01 3.384246153846153504e+01 3.807276923076922515e+01 4.230307692307691525e+01 4.653338461538461246e+01 5.076369230769230256e+01 5.499399999999999267e+01
0.000000000000000000e+00 4.230307692307691880e+00 8.460615384615383761e+00 1.269092307692307564e+01 1.692123076923076752e+01 2.115153846153845763e+01 2.538184615384615128e+01 2.961215384615384494e+01 3.384246153846153504e+01 3.807276923076922515e+01 4.230307692307691525e+01 4.653338461538461246e+01 5.076369230769230256e+01 5.499399999999999267e+01
0.000000000000000000e+00 4.230307692307691880e+00 8.460615384615383761e+00 1.269092307692307564e+01 1.692123076923076752e+01 2.115153846153845763e+01 2.538184615384615128e+01 2.961215384615384494e+01 3.384246153846153504e+01 3.807276923076922515e+01 4.230307692307691525e+01 4.653338461538461246e+01 5.076369230769230256e+01 5.499399999999999267e+01
0.000000000000000000e+00 4.230307692307691880e+00 8.460615384615383761e+00 1.269092307692307564e+01 1.692123076923076752e+01 2.115153846153845763e+01 2.538184615384615128e+01 2.961215384615384494e+01 3.384246153846153504e+01 3.807276923076922515e+01 4.230307692307691525e+01 4.653338461538461246e+01 5.076369230769230256e+01 5.499399999999999267e+01
0.000000000000000000e+00 4.230307692307691880e+00 8.460615384615383761e+00 1.269092307692307564e+01 1.692123076923076752e+01 2.115153846153845763e+01 2.538184615384615128e+01 2.961215384615384494e+01 3.384246153846153504e+01 3.807276923076922515e+01 4.230307692307691525e+01 4.653338461538461246e+01 5.076369230769230256e+01 5.499399999999999267e+01
0.000000000000000000e+00 4.230307692307691880e+00 8.460615384615383761e+00 1.269092307692307564e+01 1.692123076923076752e+01 2.115153846153845763e+01 2.538184615384615128e+01 2.961215384615384494e+01 3.384246153846153504e+01 3.807276923076922515e+01 4.230307692307691525e+01 4.653338461538461246e+01 5.076369230769230256e+01 5.499399999999999267e+01
0.000000000000000000e+00 4.230307692307691880e+00 8.460615384615383761e+00 1.269092307692307564e+01 1.692123076923076752e+01 2.115153846153845763e+01 2.538184615384615128e+01 2.961215384615384494e+01 3.384246153846153504e+01 3.807276923076922515e+01 4.230307692307691525e+01 4.653338461538461246e+01 5.076369230769230256e+01 5.499399999999999267e+01
0.000000000000000000e+00 4.230307692307691880e+00 8.460615384615383761e+00 1.269092307692307564e+01 1.692123076923076752e+01 2.115153846153845763e+01 2.538184615384615128e+01 2.961215384615384494e+01 3.384246153846153504e+01 3.807276923076922515e+01 4.230307692307691525e+01 4.653338461538461246e+01 5.076369230769230256e+01 5.499399999999999267e+01
0.000000000000000000e+00 4.230307692307691880e+00 8.460615384615383761e+00 1.269092307692307564e+01 1.692123076923076752e+01 2.115153846153845763e+01 2.538184615384615128e+01 2.961215384615384494e+01 3.384246153846153504e+01 3.807276923076922515e+01 4.230307692307691525e+01 4.653338461538461246e+01 5.076369230769230256e+01 5.499399999999999267e+01
0.000000000000000000e+00 4.230307692307691880e+00 8.460615384615383761e+00 1.269092307692307564e+01 1.692123076923076752e+01 2.115153846153845763e+01 2.538184615384615128e+01 2.961215384615384494e+01 3.384246153846153504e+01 3.807276923076922515e+01 4.230307692307691525e+01 4.653338461538461246e+01 5.076369230769230256e+01 5.499399999999999267e+01
0.000000000000000000e+00 4.230307692307691880e+00 8.460615384615383761e+00 1.269092307692307564e+01 1.692123076923076752e+01 2.115153846153845763e+01 2.538184615384615128e+01 2.961215384615384494e+01 3.384246153846153504e+01 3.807276923076922515e+01 4.230307692307691525e+01 4.653338461538461246e+01 5.076369230769230256e+01 5.499399999999999267e+01
0.000000000000000000e+00 4.230307692307691880e+00 8.460615384615383761e+00 1.269092307692307564e+01 1.692123076923076752e+01 2.115153846153845763e+01 2.538184615384615128e+01 2.961215384615384494e+01 3.384246153846153504e+01 3.807276923076922515e+01 4.230307692307691525e+01 4.653338461538461246e+01 5.076369230769230256e+01 5.499399999999999267e+01
0.000000000000000000e+00 4.230307692307691880e+00 8.460615384615383761e+00 1.269092307692307564e+01 1.692123076923076752e+01 2.115153846153845763e+01 2.538184615384615128e+01 2.961215384615384494e+01 3.384246153846153504e+01 3.807276923076922515e+01 4.230307692307691525e+01 4.653338461538461246e+01 5.076369230769230256e+01 5.499399999999999267e+01
0.000000000000000000e+00 4.230307692307691880e+00 8.460615384615383761e+00 1.269092307692307564e+01 1.692123076923076752e+01 2.115153846153845763e+01 2.538184615384615128e+01 2.961215384615384494e+01 3.384246153846153504e+01 3.807276923076922515e+01 4.230307692307691525e+01 4.653338461538461246e+01 5.076369230769230256e+01 5.499399999999999267e+01
0.000000000000000000e+00 4.230307692307691880e+00 8.460615384615383761e+00 1.269092307692307564e+01 1.692123076923076752e+01 2.115153846153845763e+01 2.538184615384615128e+01 2.961215384615384494e+01 3.384246153846153504e+01 3.807276923076922515e+01 4.230307692307691525e+01 4.653338461538461246e+01 5.076369230769230256e+01 5.499399999999999267e+01
0.000000000000000000e+00 4.230307692307691880e+00 8.460615384615383761e+00 1.269092307692307564e+01 1.692123076923076752e+01 2.115153846153845763e+01 2.538184615384615128e+01 2.961215384615384494e+01 3.384246153846153504e+01 3.807276923076922515e+01 4.230307692307691525e+01 4.653338461538461246e+01 5.076369230769230256e+01 5.499399999999999267e+01
0.000000000000000000e+00 4.230307692307691880e+00 8.460615384615383761e+00 1.269092307692307564e+01 1.692123076923076752e+01 2.115153846153845763e+01 2.538184615384615128e+01 2.961215384615384494e+01 3.384246153846153504e+01 3.807276923076922515e+01 4.230307692307691525e+01 4.653338461538461246e+01 5.076369230769230256e+01 5.499399999999999267e+01
0.000000000000000000e+00 4.230307692307691880e+00 8.460615384615383761e+00 1.269092307692307564e+01 1.692123076923076752e+01 2.115153846153845763e+01 2.538184615384615128e+01 2.961215384615384494e+01 3.384246153846153504e+01 3.807276923076922515e+01 4.230307692307691525e+01 4.653338461538461246e+01 5.076369230769230256e+01 5.499399999999999267e+01
0.000000000000000000e+00 4.230307692307691880e+00 8.460615384615383761e+00 1.269092307692307564e+01 1.692123076923076752e+01 2.115153846153845763e+01 2.538184615384615128e+01 2.961215384615384494e+01 3.384246153846153504e+01 3.807276923076922515e+01 4.230307692307691525e+01 4.653338461538461246e+01 5.076369230769230256e+01 5.499399999999999267e+01
0.000000000000000000e+00 4.230307692307691880e+00 8.460615384615383761e+00 1.269092307692307564e+01 1.692123076923076752e+01 2.115153846153845763e+01 2.538184615384615128e+01 2.961215384615384494e+01 3.384246153846153504e+01 3.807276923076922515e+01 4.230307692307691525e+01 4.653338461538461246e+01 5.076369230769230256e+01 5.499399999999999267e+01
0.000000000000000000e+00 4.230307692307691880e+00 8.460615384615383761e+00 1.269092307692307564e+01 1.692123076923076752e+01 2.115153846153845763e+01 2.538184615384615128e+01 2.961215384615384494e+01 3.384246153846153504e+01 3.807276923076922515e+01 4.230307692307691525e+01 4.653338461538461246e+01 5.076369230769230256e+01 5.499399999999999267e+01
0.000000000000000000e+00 4.230307692307691880e+00 8.460615384615383761e+00 1.269092307692307564e+01 1.692123076923076752e+01 2.115153846153845763e+01 2.538184615384615128e+01 2.961215384615384494e+01 3.384246153846153504e+01 3.807276923076922515e+01 4.230307692307691525e+01 4.653338461538461246e+01 5.076369230769230256e+01 5.499399999999999267e+01
0.000000000000000000e+00 4.230307692307691880e+00 8.460615384615383761e+00 1.269092307692307564e+01 1.692123076923076752e+01 2.115153846153845763e+01 2.538184615384615128e+01 2.961215384615384494e+01 3.384246153846153504e+01 3.807276923076922515e+01 4.230307692307691525e+01 4.653338461538461246e+01 5.076369230769230256e+01 5.499399999999999267e+01
0.000000000000000000e+00 4.230307692307691880e+00 8.460615384615383761e+00 1.269092307692307564e+01 1.692123076923076752e+01 2.115153846153845763e+01 2.538184615384615128e+01 2.961215384615384494e+01 3.384246153846153504e+01 3.807276923076922515e+01 4.230307692307691525e+01 4.653338461538461246e+01 5.076369230769230256e+01 5.499399999999999267e+01
0.000000000000000000e+00 4.230307692307691880e+00 8.460615384615383761e+00 1.269092307692307564e+01 1.692123076923076752e+01 2.115153846153845763e+01 2.538184615384615128e+01 2.961215384615384494e+01 3.384246153846153504e+01 3.807276923076922515e+01 4.230307692307691525e+01 4.653338461538461246e+01 5.076369230769230256e+01 5.499399999999999267e+01
0.000000000000000000e+00 4.230307692307691880e+00 8.460615384615383761e+00 1.269092307692307564e+01 1.692123076923076752e+01 2.115153846153845763e+01 2.538184615384615128e+01 2.961215384615384494e+01 3.384246153846153504e+01 3.807276923076922515e+01 4.230307692307691525e+01 4.653338461538461246e+01 5.076369230769230256e+01 5.499399999999999267e+01
0.000000000000000000e+00 4.230307692307691880e+00 8.460615384615383761e+00 1.269092307692307564e+01 1.692123076923076752e+01 2.115153846153845763e+01 2.538184615384615128e+01 2.961215384615384494e+01 3.384246153846153504e+01 3.807276923076922515e+01 4.230307692307691525e+01 4.653338461538461246e+01 5.076369230769230256e+01 5.499399999999999267e+01
0.000000000000000000e+00 4.230307692307691880e+00 8.460615384615383761e+00 1.269092307692307564e+01 1.692123076923076752e+01 2.115153846153845763e+01 2.538184615384615128e+01 2.961215384615384494e+01 3.384246153846153504e+01 3.807276923076922515e+01 4.230307692307691525e+01 4.653338461538461246e+01 5.076369230769230256e+01 5.499399999999999267e+01
0.000000000000000000e+00 4.230307692307691880e+00 8.460615384615383761e+00 1.269092307692307564e+01 1.692123076923076752e+01 2.115153846153845763e+01 2.538184615384615128e+01 2.961215384615384494e+01 3.384246153846153504e+01 3.807276923076922515e+01 4.230307692307691525e+01 4.653338461538461246e+01 5.076369230769230256e+01 5.499399999999999267e+01
0.000000000000000000e+00 4.230307692307691880e+00 8.460615384615383761e+00 1.269092307692307564e+01 1.692123076923076752e+01 2.115153846153845763e+01 2.538184615384615128e+01 2.961215384615384494e+01 3.384246153846153504e+01 3.807276923076922515e+01 4.230307692307691525e+01 4.653338461538461246e+01 5.076369230769230256e+01 5.499399999999999267e+01
0.000000000000000000e+00 4.230307692307691880e+00 8.460615384615383761e+00 1.269092307692307564e+01 1.692123076923076752e+01 2.115153846153845763e+01 2.538184615384615128e+01 2.961215384615384494e+01 3.384246153846153504e+01 3.807276923076922515e+01 4.230307692307691525e+01 4.653338461538461246e+01 5.076369230769230256e+01 5.499399999999999267e+01
0.000000000000000000e+00 4.230307692307691880e+00 8.460615384615383761e+00 1.269092307692307564e+01 1.692123076923076752e+01 2.115153846153845763e+01 2.538184615384615128e+01 2.961215384615384494e+01 3.384246153846153504e+01 3.807276923076922515e+01 4.230307692307691525e+01 4.653338461538461246e+01 5.076369230769230256e+01 5.499399999999999267e+01
0.000000000000000000e+00 4.230307692307691880e+00 8.460615384615383761e+00 1.269092307692307564e+01 1.692123076923076752e+01 2.115153846153845763e+01 2.538184615384615128e+01 2.961215384615384494e+01 3.384246153846153504e+01 3.807276923076922515e+01 4.230307692307691525e+01 4.653338461538461246e+01 5.076369230769230256e+01 5.499399999999999267e+01
