0.000000000000000000e+00 1.917749999999999844e+01 3.122800000000000153e+01 4.383449999999999847e+01 4.703730000000000189e+01 4.809570000000000078e+01 4.873069999999999879e+01 4.975070000000000192e+01 5.119400000000000261e+01 5.152729999999999677e+01 5.202400000000000091e+01 5.301400000000000290e+01 5.403999999999999915e+01 5.499399999999999977e+01
0.000000000000000000e+00 1.917749999999999844e+01 3.122800000000000153e+01 4.383449999999999847e+01 4.703730000000000189e+01 4.809570000000000078e+01 4.873069999999999879e+01 4.975070000000000192e+01 5.119400000000000261e+01 5.152729999999999677e+01 5.202400000000000091e+01 5.301400000000000290e+01 5.403999999999999915e+01 5.499399999999999977e+01
0.000000000000000000e+00 1.917749999999999844e+01 3.122800000000000153e+01 4.383449999999999847e+01 4.703730000000000189e+01 4.809570000000000078e+01 4.873069999999999879e+01 4.975070000000000192e+01 5.119400000000000261e+01 5.152729999999999677e+01 5.202400000000000091e+01 5.301400000000000290e+01 5.403999999999999915e+01 5.499399999999999977e+01
0.000000000000000000e+00 1.917749999999999844e+01 3.122800000000000153e+01 4.383449999999999847e+01 4.703730000000000189e+01 4.809570000000000078e+01 4.873069999999999879e+01 4.975070000000000192e+01 5.119400000000000261e+01 5.152729999999999677e+01 5.202400000000000091e+01 5.301400000000000290e+01 5.403999999999999915e+01 5.499399999999999977e+01
0.000000000000000000e+00 1.917749999999999844e+01 3.122800000000000153e+01 4.383449999999999847e+01 4.703730000000000189e+01 4.809570000000000078e+01 4.873069999999999879e+01 4.975070000000000192e+01 5.119400000000000261e+01 5.152729999999999677e+01 5.202400000000000091e+01 5.301400000000000290e+01 5.403999999999999915e+01 5.499399999999999977e+01
0.000000000000000000e+00 1.917749999999999844e+01 3.122800000000000153e+01 4.383449999999999847e+01 4.703730000000000189e+01 4.809570000000000078e+01 4.873069999999999879e+01 4.975070000000000192e+01 5.119400000000000261e+01 5.152729999999999677e+01 5.202400000000000091e+01 5.301400000000000290e+01 5.403999999999999915e+01 5.499399999999999977e+01
0.000000000000000000e+00 1.917749999999999844e+01 3.122800000000000153e+01 4.383449999999999847e+01 4.703730000000000189e+01 4.809570000000000078e+01 4.873069999999999879e+01 4.975070000000000192e+01 5.119400000000000261e+01 5.152729999999999677e+01 5.202400000000000091e+01 5.301400000000000290e+01 5.403999999999999915e+01 5.499399999999999977e+01
0.000000000000000000e+00 1.917749999999999844e+01 3.122800000000000153e+01 4.383449999999999847e+01 4.703730000000000189e+01 4.809570000000000078e+01 4.873069999999999879e+01 4.975070000000000192e+01 5.119400000000000261e+01 5.152729999999999677e+01 5.202400000000000091e+01 5.301400000000000290e+01 5.403999999999999915e+01 5.499399999999999977e+01
0.000000000000000000e+00 1.917749999999999844e+01 3.122800000000000153e+01 4.383449999999999847e+01 4.703730000000000189e+01 4.809570000000000078e+01 4.873069999999999879e+01 4.975070000000000192e+01 5.119400000000000261e+01 5.152729999999999677e+01 5.202400000000000091e+01 5.301400000000000290e+01 5.403999999999999915e+01 5.499399999999999977e+01
0.000000000000000000e+00 1.917749999999999844e+01 3.122800000000000153e+01 4.383449999999999847e+01 4.703730000000000189e+01 4.809570000000000078e+01 4.873069999999999879e+01 4.975070000000000192e+01 5.119400000000000261e+01 5.152729999999999677e+01 5.202400000000000091e+01 5.301400000000000290e+01 5.403999999999999915e+01 5.499399999999999977e+01
0.000000000000000000e+00 1.917749999999999844e+01 3.122800000000000153e+01 4.383449999999999847e+01 4.703730000000000189e+01 4.809570000000000078e+01 4.873069999999999879e+01 4.975070000000000192e+01 5.119400000000000261e+01 5.152729999999999677e+01 5.202400000000000091e+01 5.301400000000000290e+01 5.403999999999999915e+01 5.499399999999999977e+01
0.000000000000000000e+00 1.917749999999999844e+01 3.122800000000000153e+01 4.383449999999999847e+01 4.703730000000000189e+01 4.809570000000000078e+01 4.873069999999999879e+01 4.975070000000000192e+01 5.119400000000000261e+01 5.152729999999999677e+01 5.202400000000000091e+01 5.301400000000000290e+01 5.403999999999999915e+01 5.499399999999999977e+01
0.000000000000000000e+00 1.917749999999999844e+01 3.122800000000000153e+01 4.383449999999999847e+01 4.703730000000000189e+01 4.809570000000000078e+01 4.873069999999999879e+01 4.975070000000000192e+01 5.119400000000000261e+01 5.152729999999999677e+01 5.202400000000000091e+01 5.301400000000000290e+01 5.403999999999999915e+01 5.499399999999999977e+01
0.000000000000000000e+00 1.917749999999999844e+01 3.122800000000000153e+01 4.383449999999999847e+01 4.703730000000000189e+01 4.809570000000000078e+01 4.873069999999999879e+01 4.975070000000000192e+01 5.119400000000000261e+01 5.152729999999999677e+01 5.202400000000000091e+01 5.301400000000000290e+01 5.403999999999999915e+01 5.499399999999999977e+01
0.000000000000000000e+00 1.917749999999999844e+01 3.122800000000000153e+01 4.383449999999999847e+01 4.703730000000000189e+01 4.809570000000000078e+01 4.873069999999999879e+01 4.975070000000000192e+01 5.119400000000000261e+01 5.152729999999999677e+01 5.202400000000000091e+01 5.301400000000000290e+01 5.403999999999999915e+01 5.499399999999999977e+01
0.000000000000000000e+00 1.917749999999999844e+01 3.122800000000000153e+01 4.383449999999999847e+01 4.703730000000000189e+01 4.809570000000000078e+01 4.873069999999999879e+01 4.975070000000000192e+01 5.119400000000000261e+01 5.152729999999999677e+01 5.202400000000000091e+01 5.301400000000000290e+01 5.403999999999999915e+01 5.499399999999999977e+01
0.000000000000000000e+00 1.917749999999999844e+01 3.122800000000000153e+01 4.383449999999999847e+01 4.703730000000000189e+01 4.809570000000000078e+01 4.873069999999999879e+01 4.975070000000000192e+01 5.119400000000000261e+01 5.152729999999999677e+01 5.202400000000000091e+01 5.301400000000000290e+01 5.403999999999999915e+01 5.499399999999999977e+01
0.000000000000000000e+00 1.917749999999999844e+01 3.122800000000000153e+01 4.383449999999999847e+01 4.703730000000000189e+01 4.809570000000000078e+01 4.873069999999999879e+01 4.975070000000000192e+01 5.119400000000000261e+01 5.152729999999999677e+01 5.202400000000000091e+01 5.301400000000000290e+01 5.403999999999999915e+01 5.499399999999999977e+01
0.000000000000000000e+00 1.917749999999999844e+01 3.122800000000000153e+01 4.383449999999999847e+01 4.703730000000000189e+01 4.809570000000000078e+01 4.873069999999999879e+01 4.975070000000000192e+01 5.119400000000000261e+01 5.152729999999999677e+01 5.202400000000000091e+01 5.301400000000000290e+01 5.403999999999999915e+01 5.499399999999999977e+01
0.000000000000000000e+00 1.917749999999999844e+01 3.122800000000000153e+01 4.383449999999999847e+01 4.703730000000000189e+01 4.809570000000000078e+01 4.873069999999999879e+01 4.975070000000000192e+01 5.119400000000000261e+01 5.152729999999999677e+01 5.202400000000000091e+01 5.301400000000000290e+01 5.403999999999999915e+01 5.499399999999999977e+01
0.000000000000000000e+00 1.917749999999999844e+01 3.122800000000000153e+01 4.383449999999999847e+01 4.703730000000000189e+01 4.809570000000000078e+01 4.873069999999999879e+01 4.975070000000000192e+01 5.119400000000000261e+01 5.152729999999999677e+01 5.202400000000000091e+01 5.301400000000000290e+01 5.403999999999999915e+01 5.499399999999999977e+01
0.000000000000000000e+00 1.917749999999999844e+01 3.122800000000000153e+01 4.383449999999999847e+01 4.703730000000000189e+01 4.809570000000000078e+01 4.873069999999999879e+01 4.975070000000000192e+01 5.119400000000000261e+01 5.152729999999999677e+01 5.202400000000000091e+01 5.301400000000000290e+01 5.403999999999999915e+01 5.499399999999999977e+01
0.000000000000000000e+00 1.917749999999999844e+01 3.122800000000000153e+01 4.383449999999999847e+01 4.703730000000000189e+01 4.809570000000000078e+01 4.873069999999999879e+01 4.975070000000000192e+01 5.119400000000000261e+01 5.152729999999999677e+01 5.202400000000000091e+01 5.301400000000000290e+01 5.403999999999999915e+01 5.499399999999999977e+01
0.000000000000000000e+00 1.917749999999999844e+01 3.122800000000000153e+01 4.383449999999999847e+01 4.703730000000000189e+01 4.809570000000000078e+01 4.873069999999999879e+01 4.975070000000000192e+01 5.119400000000000261e+01 5.152729999999999677e+01 5.202400000000000091e+01 5.301400000000000290e+01 5.403999999999999915e+01 5.499399999999999977e+01
0.000000000000000000e+00 1.917749999999999844e+01 3.122800000000000153e+01 4.383449999999999847e+01 4.703730000000000189e+01 4.809570000000000078e+01 4.873069999999999879e+01 4.975070000000000192e+01 5.119400000000000261e+01 5.152729999999999677e+01 5.202400000000000091e+01 5.301400000000000290e+01 5.403999999999999915e+01 5.499399999999999977e+01
0.000000000000000000e+00 1.917749999999999844e+01 3.122800000000000153e+01 4.383449999999999847e+01 4.703730000000000189e+01 4.809570000000000078e+01 4.873069999999999879e+01 4.975070000000000192e+01 5.119400000000000261e+01 5.152729999999999677e+01 5.202400000000000091e+01 5.301400000000000290e+01 5.403999999999999915e+01 5.499399999999999977e+01
0.000000000000000000e+00 1.917749999999999844e+01 3.122800000000000153e+01 4.383449999999999847e+01 4.703730000000000189e+01 4.809570000000000078e+01 4.873069999999999879e+01 4.975070000000000192e+01 5.119400000000000261e+01 5.152729999999999677e+01 5.202400000000000091e+01 5.301400000000000290e+01 5.403999999999999915e+01 5.499399999999999977e+01
0.000000000000000000e+00 1.917749999999999844e+01 3.122800000000000153e+01 4.383449999999999847e+01 4.703730000000000189e+01 4.809570000000000078e+01 4.873069999999999879e+01 4.975070000000000192e+01 5.119400000000000261e+01 5.152729999999999677e+01 5.202400000000000091e+01 5.301400000000000290e+01 5.403999999999999915e+01 5.499399999999999977e+01
0.000000000000000000e+00 1.917749999999999844e+01 3.122800000000000153e+01 4.383449999999999847e+01 4.703730000000000189e+01 4.809570000000000078e+01 4.873069999999999879e+01 4.975070000000000192e+01 5.119400000000000261e+01 5.152729999999999677e+01 5.202400000000000091e+01 5.301400000000000290e+01 5.403999999999999915e+01 5.499399999999999977e+01
0.000000000000000000e+00 1.917749999999999844e+01 3.122800000000000153e+01 4.383449999999999847e+01 4.703730000000000189e+01 4.809570000000000078e+01 4.873069999999999879e+01 4.975070000000000192e+01 5.119400000000000261e+01 5.152729999999999677e+01 5.202400000000000091e+01 5.301400000000000290e+01 5.403999999999999915e+01 5.499399999999999977e+01
0.000000000000000000e+00 1.917749999999999844e+01 3.122800000000000153e+01 4.383449999999999847e+01 4.703730000000000189e+01 4.809570000000000078e+01 4.873069999999999879e+01 4.975070000000000192e+01 5.119400000000000261e+01 5.152729999999999677e+01 5.202400000000000091e+01 5.301400000000000290e+01 5.403999999999999915e+01 5.499399999999999977e+01
0.000000000000000000e+00 1.917749999999999844e+01 3.122800000000000153e+01 4.383449999999999847e+01 4.703730000000000189e+01 4.809570000000000078e+01 4.873069999999999879e+01 4.975070000000000192e+01 5.119400000000000261e+01 5.152729999999999677e+01 5.202400000000000091e+01 5.301400000000000290e+01 5.403999999999999915e+01 5.499399999999999977e+01
0.000000000000000000e+00 1.917749999999999844e+01 3.122800000000000153e+01 4.383449999999999847e+01 4.703730000000000189e+01 4.809570000000000078e+01 4.873069999999999879e+01 4.975070000000000192e+01 5.119400000000000261e+01 5.152729999999999677e+01 5.202400000000000091e+01 5.301400000000000290e+01 5.403999999999999915e+01 5.499399999999999977e+01
0.000000000000000000e+00 1.917749999999999844e+01 3.122800000000000153e+01 4.383449999999999847e+01 4.703730000000000189e+01 4.809570000000000078e+01 4.873069999999999879e+01 4.975070000000000192e+01 5.119400000000000261e+01 5.152729999999999677e+01 5.202400000000000091e+01 5.301400000000000290e+01 5.403999999999999915e+01 5.499399999999999977e+01
0.000000000000000000e+00 1.917749999999999844e+01 3.122800000000000153e+01 4.383449999999999847e+01 4.703730000000000189e+01 4.809570000000000078e+01 4.873069999999999879e+01 4.975070000000000192e+01 5.119400000000000261e+01 5.152729999999999677e+01 5.202400000000000091e+01 5.301400000000000290e+01 5.403999999999999915e+01 5.499399999999999977e+01
0.000000000000000000e+00 1.917749999999999844e+01 3.122800000000000153e+01 4.383449999999999847e+01 4.703730000000000189e+01 4.809570000000000078e+01 4.873069999999999879e+01 4.975070000000000192e+01 5.119400000000000261e+01 5.152729999999999677e+01 5.202400000000000091e+01 5.301400000000000290e+01 5.403999999999999915e+01 5.499399999999999977e+01
0.000000000000000000e+00 1.917749999999999844e+01 3.122800000000000153e+01 4.383449999999999847e+01 4.703730000000000189e+01 4.809570000000000078e+01 4.873069999999999879e+01 4.975070000000000192e+01 5.119400000000000261e+01 5.152729999999999677e+01 5.202400000000000091e+01 5.301400000000000290e+01 5.403999999999999915e+01 5.499399999999999977e+01
0.000000000000000000e+00 1.917749999999999844e+01 3.122800000000000153e+01 4.383449999999999847e+01 4.703730000000000189e+01 4.809570000000000078e+01 4.873069999999999879e+01 4.975070000000000192e+01 5.119400000000000261e+01 5.152729999999999677e+01 5.202400000000000091e+01 5.301400000000000290e+01 5.403999999999999915e+01 5.499399999999999977e+01
0.000000000000000000e+00 1.917749999999999844e+01 3.122800000000000153e+01 4.383449999999999847e+01 4.703730000000000189e+01 4.809570000000000078e+01 4.873069999999999879e+01 4.975070000000000192e+01 5.119400000000000261e+01 5.152729999999999677e+01 5.202400000000000091e+01 5.301400000000000290e+01 5.403999999999999915e+01 5.499399999999999977e+01
0.000000000000000000e+00 1.917749999999999844e+01 3.122800000000000153e+01 4.383449999999999847e+01 4.703730000000000189e+01 4.809570000000000078e+01 4.873069999999999879e+01 4.975070000000000192e+01 5.119400000000000261e+01 5.152729999999999677e+01 5.202400000000000091e+01 5.301400000000000290e+01 5.403999999999999915e+01 5.499399999999999977e+01
0.000000000000000000e+00 1.917749999999999844e+01 3.122800000000000153e+01 4.383449999999999847e+01 4.703730000000000189e+01 4.809570000000000078e+01 4.873069999999999879e+01 4.975070000000000192e+01 5.119400000000000261e+01 5.152729999999999677e+01 5.202400000000000091e+01 5.301400000000000290e+01 5.403999999999999915e+01 5.499399999999999977e+01
0.000000000000000000e+00 1.917749999999999844e+01 3.122800000000000153e+01 4.383449999999999847e+01 4.703730000000000189e+01 4.809570000000000078e+01 4.873069999999999879e+01 4.975070000000000192e+01 5.119400000000000261e+01 5.152729999999999677e+01 5.202400000000000091e+01 5.301400000000000290e+01 5.403999999999999915e+01 5.499399999999999977e+01
