0.0604164 0.0619469
0.0609888 0.0609888
0.0619469 0.0604164
0.0578118 0.0612554
0.0590997 0.0590997
0.0612554 0.0578118
0.0543773 0.0600652
0.0565337 0.0565337
0.0600652 0.0543773
0.0430111 0.0586234
0.0475579 0.0526727
0.0526727 0.0475579
0.0586234 0.0430111
0.02495 0.0549028
0.0282878 0.0390319
0.0390319 0.0282878
0.0549028 0.02495
0.00831665 0.0513381
0.00942928 0.0252145
0.0252145 0.00942928
0.0513381 0.00831665
0.0619469 0.0645836
0.0609888 0.0640112
0.0604164 0.0630531
0.0612554 0.0671882
0.0590997 0.0659003
0.0578118 0.0637446
0.0600652 0.0706227
0.0565337 0.0684663
0.0543773 0.0649348
0.0586234 0.0819889
0.0526727 0.0774421
0.0475579 0.0723273
0.0430111 0.0663766
0.0549028 0.10005
0.0390319 0.0967122
0.0282878 0.0859681
0.02495 0.0700972
0.0513381 0.116683
0.0252145 0.115571
0.00942928 0.0997855
0.00831665 0.0736619
0.0323223 0.15
0.03125 0.21875
0.0630531 0.0604164
0.0640112 0.0609888
0.0645836 0.0619469
0.0637446 0.0578118
0.0659003 0.0590997
0.0671882 0.0612554
0.0649348 0.0543773
0.0684663 0.0565337
0.0706227 0.0600652
0.0663766 0.0430111
0.0723273 0.0475579
0.0774421 0.0526727
0.0819889 0.0586234
0.0700972 0.02495
0.0859681 0.0282878
0.0967122 0.0390319
0.10005 0.0549028
0.0736619 0.00831665
0.0997855 0.00942928
0.115571 0.0252145
0.116683 0.0513381
0.0645836 0.0630531
0.0640112 0.0640112
0.0630531 0.0645836
0.0671882 0.0637446
0.0659003 0.0659003
0.0637446 0.0671882
0.0706227 0.0649348
0.0684663 0.0684663
0.0649348 0.0706227
0.0819889 0.0663766
0.0774421 0.0723273
0.0723273 0.0774421
0.0663766 0.0819889
0.10005 0.0700972
0.0967122 0.0859681
0.0859681 0.0967122
0.0700972 0.10005
0.116683 0.0736619
0.115571 0.0997855
0.0997855 0.115571
0.0736619 0.116683
0.0926777 0.15
0.09375 0.21875
0.15 0.0323223
0.15 0.0926777
0.15625 0.15625
0.15625 0.21875
0.21875 0.03125
0.21875 0.09375
0.21875 0.15625
0.21875 0.21875
