0.585786 2.22045e-16
-2.22045e-16 2.22045e-16
0.985629 0.991703
0.991703 0.985629
-2.22045e-16 0.585786
0.63783 0.125643
0.971258 0.983406
0.983406 0.971258
0.21348 0.21348
0.125643 0.63783
0.956886 0.975108
0.975108 0.956886
0.689873 0.251287
0.953205 0.980617
0.964185 0.964185
0.980617 0.953205
0.42696 0.42696
0.906411 0.961234
0.92837 0.92837
0.961234 0.906411
0.251287 0.689873
0.767405 0.438465
0.812822 0.922468
0.85674 0.85674
0.922468 0.812822
0.57022 0.57022
0.438465 0.767405
0.719233 0.883702
0.78511 0.78511
0.883702 0.719233
0.844936 0.625643
0.71348 0.71348
0.625643 0.844936
0 1
0 1.41421
0.991703 1.01437
0.985629 1.0083
0.983117 1
0.0947994 1
0.983406 1.02874
0.971258 1.01659
0.966233 1
0.125643 1.36217
0.975108 1.04311
0.956886 1.02489
0.94935 1
0.980617 1.04679
0.964185 1.03582
0.953205 1.01938
0.21348 1.78652
0.961234 1.09359
0.92837 1.07163
0.906411 1.03877
0.8987 1
0.63783 1.87436
0.922468 1.18718
0.85674 1.14326
0.812822 1.07753
0.7974 1
0.189599 1
0.883702 1.28077
0.78511 1.21489
0.719233 1.1163
0.6961 1
0.251287 1.31013
0.844936 1.37436
0.71348 1.28652
0.625643 1.15506
0.594799 1
0.42696 1.57304
0.767405 1.56153
0.57022 1.42978
0.438465 1.2326
0.392199 1
0.689873 1.74871
0 2
0.585786 2
0 3
0 4
0 5
0 6
0 7
0 8
0 9
0 10
1.41421 1.11022e-16
1 0.983117
1.0083 0.985629
1.01437 0.991703
1 0
1 0.966233
1.01659 0.971258
1.02874 0.983406
1.87436 0.63783
1 0.94935
1.02489 0.956886
1.04311 0.975108
1.78652 0.21348
1.01938 0.953205
1.03582 0.964185
1.04679 0.980617
1 0.8987
1.03877 0.906411
1.07163 0.92837
1.09359 0.961234
1.36217 0.125643
1 0.7974
1.07753 0.812822
1.14326 0.85674
1.18718 0.922468
1 0.0947994
1 0.6961
1.1163 0.719233
1.21489 0.78511
1.28077 0.883702
1.74871 0.689873
1 0.594799
1.15506 0.625643
1.28652 0.71348
1.37436 0.844936
1.57304 0.42696
1 0.392199
1.2326 0.438465
1.42978 0.57022
1.56153 0.767405
1.31013 0.251287
1 0.189599
1 1
1.01688 1
1.01437 1.0083
1.0083 1.01437
1 1.01688
1.03377 1
1.02874 1.01659
1.01659 1.02874
1 1.03377
1.05065 1
1.04311 1.02489
1.02489 1.04311
1 1.05065
1.04679 1.01938
1.03582 1.03582
1.01938 1.04679
1.1013 1
1.09359 1.03877
1.07163 1.07163
1.03877 1.09359
1 1.1013
1.2026 1
1.18718 1.07753
1.14326 1.14326
1.07753 1.18718
1 1.2026
1.3039 1
1.28077 1.1163
1.21489 1.21489
1.1163 1.28077
1 1.3039
1.4052 1
1.37436 1.15506
1.28652 1.28652
1.15506 1.37436
1 1.4052
1.6078 1
1.56153 1.2326
1.42978 1.42978
1.2326 1.56153
1 1.6078
1.8104 1
1.74871 1.31013
1.57304 1.57304
1.31013 1.74871
1 1.8104
1.9052 1
1.87436 1.36217
1.78652 1.78652
1.36217 1.87436
1 1.9052
1 2
1.41421 2
1 3
1 4
1 5
1 6
1 7
1 8
1 9
1 10
2 0
2 0.585786
2 1
2 1.41421
2 2
2 3
2 4
2 5
2 6
2 7
2 8
2 9
2 10
3 0
3 1
3 2
3 3
3 4
3 5
3 6
3 7
3 8
3 9
3 10
4 0
4 1
4 2
4 3
4 4
4 5
4 6
4 7
4 8
4 9
4 10
5 0
5 1
5 2
5 3
5 4
5 5
5 6
5 7
5 8
5 9
5 10
6 0
6 1
6 2
6 3
6 4
6 5
6 6
6 7
6 8
6 9
6 10
7 0
7 1
7 2
7 3
7 4
7 5
7 6
7 7
7 8
7 9
7 10
8 0
8 1
8 2
8 3
8 4
8 5
8 6
8 7
8.58579 8
8 8
8.98563 8.9917
8.9917 8.98563
8 8.58579
8.63783 8.12564
8.97126 8.98341
8.98341 8.97126
8.21348 8.21348
8.12564 8.63783
8.95689 8.97511
8.97511 8.95689
8.68987 8.25129
8.95321 8.98062
8.96418 8.96418
8.98062 8.95321
8.42696 8.42696
8.90641 8.96123
8.92837 8.92837
8.96123 8.90641
8.25129 8.68987
8.7674 8.43847
8.81282 8.92247
8.85674 8.85674
8.92247 8.81282
8.57022 8.57022
8.43847 8.7674
8.71923 8.8837
8.78511 8.78511
8.8837 8.71923
8.84494 8.62564
8.71348 8.71348
8.62564 8.84494
8 9
8 9.41421
8.9917 9.01437
8.98563 9.0083
8.98312 9
8 10
8.98341 9.02874
8.97126 9.01659
8.96623 9
8.58579 10
8.97511 9.04311
8.95689 9.02489
8.94935 9
8.98062 9.04679
8.96418 9.03582
8.95321 9.01938
8.0948 9
8.96123 9.09359
8.92837 9.07163
8.90641 9.03877
8.8987 9
8.12564 9.36217
8.92247 9.18718
8.85674 9.14326
8.81282 9.07753
8.7974 9
8.21348 9.78652
8.8837 9.28077
8.78511 9.21489
8.71923 9.1163
8.6961 9
8.63783 9.87436
8.84494 9.37436
8.71348 9.28652
8.62564 9.15506
8.5948 9
8.1896 9
8.7674 9.56153
8.57022 9.42978
8.43847 9.2326
8.3922 9
8.25129 9.31013
8.68987 9.74871
8.42696 9.57304
9 0
10 0
9 1
10 1
9 2
10 2
9 3
10 3
9 4
10 4
9 5
10 5
9 6
10 6
9 7
10 7
10 8.58579
9 8.98312
9.0083 8.98563
9.01437 8.9917
10 8
9 8.96623
9.01659 8.97126
9.02874 8.98341
9.41421 8
9 8.94935
9.02489 8.95689
9.04311 8.97511
9 8
9.01938 8.95321
9.03582 8.96418
9.04679 8.98062
9 8.8987
9.03877 8.90641
9.07163 8.92837
9.09359 8.96123
9.87436 8.63783
9 8.7974
9.07753 8.81282
9.14326 8.85674
9.18718 8.92247
9.78652 8.21348
9 8.6961
9.1163 8.71923
9.21489 8.78511
9.28077 8.8837
9.36217 8.12564
9 8.5948
9.15506 8.62564
9.28652 8.71348
9.37436 8.84494
9 8.0948
9 8.3922
9.2326 8.43847
9.42978 8.57022
9.56153 8.7674
9.74871 8.68987
9 8.1896
9.31013 8.25129
9.57304 8.42696
9 9
9.01688 9
9.01437 9.0083
9.0083 9.01437
9 9.01688
9.03377 9
9.02874 9.01659
9.01659 9.02874
9 9.03377
9.05065 9
9.04311 9.02489
9.02489 9.04311
9 9.05065
9.04679 9.01938
9.03582 9.03582
9.01938 9.04679
9.1013 9
9.09359 9.03877
9.07163 9.07163
9.03877 9.09359
9 9.1013
9.2026 9
9.18718 9.07753
9.14326 9.14326
9.07753 9.18718
9 9.2026
9.3039 9
9.28077 9.1163
9.21489 9.21489
9.1163 9.28077
9 9.3039
9.4052 9
9.37436 9.15506
9.28652 9.28652
9.15506 9.37436
9 9.4052
9.6078 9
9.56153 9.2326
9.42978 9.42978
9.2326 9.56153
9 9.6078
9.8104 9
9.74871 9.31013
9.57304 9.57304
9.31013 9.74871
9 9.8104
9.9052 9
9.87436 9.36217
9.78652 9.78652
9.36217 9.87436
9 9.9052
10 9
10 9.41421
10 10
9.41421 10
9 10
