0 5.94409 11.3605 17.9166 24.9643 27.2851 31.2808 35.5069 40.7878 43.1296 45.0699 47.1331 49.154 54.994 
0 9.0204 16.2977 24.5252 27.6596 33.5421 40.368 43.5445 45.8436 48.1972 50.1872 53.7409 54.5454 54.994 
0 19.0184 31.8075 42.2804 47.8326 51.9786 53.9112 54.243 54.3744 54.4872 54.6146 54.7387 54.8505 54.994 
0 9.0204 16.2977 24.5252 27.6596 33.5421 40.368 43.5445 45.8436 48.1972 50.1872 53.7409 54.5454 54.994 
0 5.94409 11.3605 17.9166 24.9643 27.2851 31.2808 35.5069 40.7878 43.1296 45.0699 47.1331 49.154 54.994 
0 6.05909 11.418 18.4213 24.5679 26.4654 31.228 35.8192 40.1024 43.0141 44.4929 46.3075 49.786 54.994 
0 6.05909 11.418 18.4213 24.5679 26.4654 31.228 35.8192 40.1024 43.0141 44.4929 46.3075 49.786 54.994 
0 6.05909 11.418 18.4213 24.5679 26.4654 31.228 35.8192 40.1024 43.0141 44.4929 46.3075 49.786 54.994 
0 6.05909 11.418 18.4213 24.5679 26.4654 31.228 35.8192 40.1024 43.0141 44.4929 46.3075 49.786 54.994 
0 6.05909 11.418 18.4213 24.5679 26.4654 31.228 35.8192 40.1024 43.0141 44.4929 46.3075 49.786 54.994 
0 20.3533 31.552 43.1773 46.6681 47.4555 48.0184 48.5436 49.154 50.439 51.0585 51.3362 51.5451 54.994 
0 36.205 46.848 47.2633 47.6167 48.0671 48.5045 49.0856 50.3209 51.0352 51.221 51.4107 51.6026 54.994 
0 28.688 45.186 47.0225 47.5234 48.0995 48.5495 48.9439 50.0368 50.8937 51.1662 51.3468 51.5481 54.994 
0 36.205 46.848 47.2633 47.6167 48.0671 48.5045 49.0856 50.3209 51.0352 51.221 51.4107 51.6026 54.994 
0 18.2164 29.2975 40.6912 45.9509 47.2457 47.8347 48.346 48.8218 50.0324 51.0004 51.2502 51.5066 54.994 
0 24.6249 37.9353 45.5788 47.1224 47.6591 48.2189 48.8198 49.486 50.6274 51.0762 51.3459 51.597 54.994 
0 24.6249 37.9353 45.5788 47.1224 47.6591 48.2189 48.8198 49.486 50.6274 51.0762 51.3459 51.597 54.994 
0 42.3208 46.821 47.4405 47.9143 48.2696 48.755 49.3553 50.3976 50.9097 51.1788 51.3822 51.5729 54.994 
0 36.205 46.848 47.2633 47.6167 48.0671 48.5045 49.0856 50.3209 51.0352 51.221 51.4107 51.6026 54.994 
0 25.0082 37.48 45.7639 47.2404 47.6841 48.3287 48.8835 49.6246 50.8041 51.1703 51.3644 51.694 54.994 
0 36.911 48.6589 51.3615 52.4189 53.148 53.5192 53.7789 53.9833 54.1549 54.3149 54.4858 54.6993 54.994 
0 19.1775 32.3657 43.5867 47.0086 48.0088 49.3889 51.1432 51.6116 52.391 53.383 53.9779 54.4037 54.994 
0 34.4215 47.6399 50.5067 52.1716 53.0702 53.4983 53.8031 54.0295 54.2156 54.3788 54.5319 54.6955 54.994 
0 19.4683 31.3567 43.2318 46.7484 47.9533 48.943 50.5679 51.3923 51.7673 52.6859 53.6877 54.0895 54.994 
0 36.205 46.848 47.2633 47.6167 48.0671 48.5045 49.0856 50.3209 51.0352 51.221 51.4107 51.6026 54.994 
0 36.205 46.848 47.2633 47.6167 48.0671 48.5045 49.0856 50.3209 51.0352 51.221 51.4107 51.6026 54.994 
0 36.205 46.848 47.2633 47.6167 48.0671 48.5045 49.0856 50.3209 51.0352 51.221 51.4107 51.6026 54.994 
0 28.688 45.186 47.0225 47.5234 48.0995 48.5495 48.9439 50.0368 50.8937 51.1662 51.3468 51.5481 54.994 
0 13.5597 23.6154 31.768 39.8868 44.7016 46.9673 47.6485 48.294 49.04 50.6819 51.2076 51.4551 54.994 
0 36.205 46.848 47.2633 47.6167 48.0671 48.5045 49.0856 50.3209 51.0352 51.221 51.4107 51.6026 54.994 
0 28.688 45.186 47.0225 47.5234 48.0995 48.5495 48.9439 50.0368 50.8937 51.1662 51.3468 51.5481 54.994 
0 36.205 46.848 47.2633 47.6167 48.0671 48.5045 49.0856 50.3209 51.0352 51.221 51.4107 51.6026 54.994 
0 36.205 46.848 47.2633 47.6167 48.0671 48.5045 49.0856 50.3209 51.0352 51.221 51.4107 51.6026 54.994 
0 9.0929 16.3267 24.8496 27.9482 34.5955 40.4745 43.8345 45.8018 47.4543 48.7099 50.3396 51.694 54.994 
0 6.05909 11.418 18.4213 24.5679 26.4654 31.228 35.8192 40.1024 43.0141 44.4929 46.3075 49.786 54.994 
0 6.05909 11.418 18.4213 24.5679 26.4654 31.228 35.8192 40.1024 43.0141 44.4929 46.3075 49.786 54.994 
0 6.05909 11.418 18.4213 24.5679 26.4654 31.228 35.8192 40.1024 43.0141 44.4929 46.3075 49.786 54.994 
0 6.05909 11.418 18.4213 24.5679 26.4654 31.228 35.8192 40.1024 43.0141 44.4929 46.3075 49.786 54.994 
0 6.05909 11.418 18.4213 24.5679 26.4654 31.228 35.8192 40.1024 43.0141 44.4929 46.3075 49.786 54.994 
0 6.05909 11.418 18.4213 24.5679 26.4654 31.228 35.8192 40.1024 43.0141 44.4929 46.3075 49.786 54.994 
0 6.05909 11.418 18.4213 24.5679 26.4654 31.228 35.8192 40.1024 43.0141 44.4929 46.3075 49.786 54.994 
0 6.05909 11.418 18.4213 24.5679 26.4654 31.228 35.8192 40.1024 43.0141 44.4929 46.3075 49.786 54.994 
