0 0.779643 1.01051 1.1698 1.78701 5 8.21299 8.8302 8.98949 9.22036 10 
0 0.779643 1.01051 1.1698 1.78701 5 8.21299 8.8302 8.98949 9.22036 10 
0 0.779643 1.01051 1.1698 1.78701 5 8.21299 8.8302 8.98949 9.22036 10 
0 0.779643 1.01051 1.1698 1.78701 5 8.21299 8.8302 8.98949 9.22036 10 
0 0.779643 1.01051 1.1698 1.78701 5 8.21299 8.8302 8.98949 9.22036 10 
0 0.779643 1.01051 1.1698 1.78701 5 8.21299 8.8302 8.98949 9.22036 10 
0 0.779643 1.01051 1.1698 1.78701 5 8.21299 8.8302 8.98949 9.22036 10 
0 0.779643 1.01051 1.1698 1.78701 5 8.21299 8.8302 8.98949 9.22036 10 
0 0.779643 1.01051 1.1698 1.78701 5 8.21299 8.8302 8.98949 9.22036 10 
0 0.779643 1.01051 1.1698 1.78701 5 8.21299 8.8302 8.98949 9.22036 10 
