0 0.446613 0.680769 0.825164 0.967066 1.03818 1.16405 1.30287 1.52679 2.32705 10 
0 0.746289 0.912523 0.966425 1 1.01229 1.03766 1.07883 1.22215 2.35309 10 
0 0.746746 0.924923 0.981613 1 1.01713 1.05108 1.15986 1.67512 4.51414 10 
0 0.471725 0.72264 0.846058 0.949146 1.04364 1.15025 1.28247 1.51125 2.80786 10 
0 0.566509 0.865101 1.0262 1.2923 1.69733 2.46944 3.83119 5.79037 7.98326 10 
0 2.01674 4.20963 6.16881 7.53056 8.30267 8.7077 8.9738 9.1349 9.43349 10 
0 7.19214 8.48875 8.71753 8.84975 8.95636 9.05085 9.15394 9.27736 9.52828 10 
0 5.48586 8.32488 8.84014 8.94892 8.98287 9 9.01839 9.07508 9.25325 10 
0 7.64691 8.77785 8.92117 8.96234 8.98771 9 9.03357 9.08748 9.25371 10 
0 7.67295 8.47321 8.69713 8.83595 8.96182 9.03293 9.17484 9.31923 9.55339 10 
