1.130845e-01
9.695110e-02
9.685530e-02
9.659630e-02
9.762580e-02
9.754210e-02
9.690420e-02
9.680250e-02
9.708320e-02
9.733660e-02
9.371430e-02
9.215780e-02
9.163760e-02
9.246460e-02
9.195910e-02
9.234150e-02
9.202730e-02
9.224310e-02
9.241560e-02
9.335060e-02
5.582970e-02
5.904250e-02
5.438720e-02
5.554440e-02
5.544520e-02
5.492130e-02
5.514990e-02
5.768140e-02
5.491180e-02
5.528770e-02
5.201120e-02
5.257050e-02
5.268730e-02
5.213870e-02
5.223240e-02
5.208910e-02
5.175850e-02
5.252920e-02
5.196080e-02
5.254830e-02
4.753120e-02
4.787070e-02
4.746080e-02
4.774850e-02
4.716370e-02
4.711160e-02
4.745070e-02
4.826470e-02
4.863390e-02
4.854590e-02
4.904640e-02
4.892180e-02
4.893170e-02
4.897010e-02
4.887290e-02
4.911650e-02
4.888460e-02
4.892720e-02
4.905350e-02
4.901000e-02
4.028710e-02
4.036130e-02
3.974390e-02
4.348760e-02
3.916930e-02
4.425810e-02
3.936500e-02
4.086550e-02
3.977610e-02
3.925120e-02
4.198430e-02
4.183140e-02
4.252250e-02
4.195620e-02
4.198030e-02
4.211930e-02
4.169430e-02
4.192040e-02
4.225010e-02
4.194830e-02
3.477620e-02
3.433310e-02
3.445240e-02
3.441290e-02
3.449440e-02
3.459540e-02
3.529790e-02
3.466110e-02
3.457270e-02
3.461920e-02
