0.585786 2.22045e-16
-2.22045e-16 2.22045e-16
0.985629 0.991703
0.991703 0.985629
-2.22045e-16 0.585786
0.606604 0.0502574
0.971258 0.983406
0.983406 0.971258
0.085392 0.085392
0.0502574 0.606604
0.956886 0.975108
0.975108 0.956886
0.627421 0.100515
0.953205 0.980617
0.964185 0.964185
0.980617 0.953205
0.170784 0.170784
0.906411 0.961234
0.92837 0.92837
0.961234 0.906411
0.100515 0.627421
0.648238 0.150772
0.812822 0.922468
0.85674 0.85674
0.922468 0.812822
0.256176 0.256176
0.150772 0.648238
0.719233 0.883702
0.78511 0.78511
0.883702 0.719233
0.669056 0.20103
0.341568 0.341568
0.625643 0.844936
0.71348 0.71348
0.844936 0.625643
0.20103 0.669056
0.689873 0.251287
0.500858 0.793249
0.617973 0.617973
0.793249 0.500858
0.42696 0.42696
0.251287 0.689873
0.376072 0.741561
0.522466 0.522466
0.741561 0.376072
0 1
0 1.41421
0.991703 1.01437
0.985629 1.0083
0.983117 1
0.0379198 1
0.983406 1.02874
0.971258 1.01659
0.966233 1
0.0502574 1.3934
0.975108 1.04311
0.956886 1.02489
0.94935 1
0.980617 1.04679
0.964185 1.03582
0.953205 1.01938
0.085392 1.91461
0.961234 1.09359
0.92837 1.07163
0.906411 1.03877
0.8987 1
0.606604 1.94974
0.922468 1.18718
0.85674 1.14326
0.812822 1.07753
0.7974 1
0.0758395 1
0.883702 1.28077
0.78511 1.21489
0.719233 1.1163
0.6961 1
0.100515 1.37258
0.844936 1.37436
0.71348 1.28652
0.625643 1.15506
0.594799 1
0.170784 1.82922
0.793249 1.49914
0.617973 1.38203
0.500858 1.20675
0.459733 1
0.627421 1.89949
0.741561 1.62393
0.522466 1.47753
0.376072 1.25844
0.324666 1
0.113759 1
0.689873 1.74871
0.42696 1.57304
0.251287 1.31013
0.189599 1
0.150772 1.35176
0.669056 1.79897
0.341568 1.65843
0.20103 1.33094
0.151679 1
0.256176 1.74382
0.648238 1.84923
0 2
0 2.1
0 2.2
0 2.3
0 2.4
0 2.5
0 2.6
0 2.7
0 2.8
0 2.9
0.585786 2
0.1 2
0.1 2.1
0.1 2.2
0.1 2.3
0.1 2.4
0.1 2.5
0.1 2.6
0.1 2.7
0.1 2.8
0.1 2.9
0.9 2.9
0.2 2
0.2 2.1
0.2 2.2
0.2 2.3
0.2 2.4
0.2 2.5
0.2 2.6
0.2 2.7
0.2 2.8
0.2 2.9
0.9 2.8
0.3 2
0.3 2.1
0.3 2.2
0.3 2.3
0.3 2.4
0.3 2.5
0.3 2.6
0.3 2.7
0.3 2.8
0.3 2.9
0.9 2.7
0.4 2
0.4 2.1
0.4 2.2
0.4 2.3
0.4 2.4
0.4 2.5
0.4 2.6
0.4 2.7
0.4 2.8
0.4 2.9
0.9 2.6
0.5 2
0.5 2.1
0.5 2.2
0.5 2.3
0.5 2.4
0.5 2.5
0.5 2.6
0.5 2.7
0.5 2.8
0.5 2.9
0.9 2.5
0.6 2
0.6 2.1
0.6 2.2
0.6 2.3
0.6 2.4
0.6 2.5
0.6 2.6
0.6 2.7
0.6 2.8
0.6 2.9
0.9 2.4
0.7 2
0.7 2.1
0.7 2.2
0.7 2.3
0.7 2.4
0.7 2.5
0.7 2.6
0.7 2.7
0.7 2.8
0.7 2.9
0.9 2.3
0.8 2
0.8 2.1
0.8 2.2
0.8 2.3
0.8 2.4
0.8 2.5
0.8 2.6
0.8 2.7
0.8 2.8
0.8 2.9
0.9 2.2
0.9 2
0.9 2.1
0 3
0 3.1
0 3.2
0 3.3
0 3.4
0 3.5
0 3.6
0 3.7
0 3.8
0 3.9
0.9 3.9
0.1 3
0.1 3.1
0.1 3.2
0.1 3.3
0.1 3.4
0.1 3.5
0.1 3.6
0.1 3.7
0.1 3.8
0.1 3.9
0.9 3.8
0.2 3
0.2 3.1
0.2 3.2
0.2 3.3
0.2 3.4
0.2 3.5
0.2 3.6
0.2 3.7
0.2 3.8
0.2 3.9
0.9 3.7
0.3 3
0.3 3.1
0.3 3.2
0.3 3.3
0.3 3.4
0.3 3.5
0.3 3.6
0.3 3.7
0.3 3.8
0.3 3.9
0.9 3.6
0.4 3
0.4 3.1
0.4 3.2
0.4 3.3
0.4 3.4
0.4 3.5
0.4 3.6
0.4 3.7
0.4 3.8
0.4 3.9
0.9 3.5
0.5 3
0.5 3.1
0.5 3.2
0.5 3.3
0.5 3.4
0.5 3.5
0.5 3.6
0.5 3.7
0.5 3.8
0.5 3.9
0.9 3.4
0.6 3
0.6 3.1
0.6 3.2
0.6 3.3
0.6 3.4
0.6 3.5
0.6 3.6
0.6 3.7
0.6 3.8
0.6 3.9
0.9 3.3
0.7 3
0.7 3.1
0.7 3.2
0.7 3.3
0.7 3.4
0.7 3.5
0.7 3.6
0.7 3.7
0.7 3.8
0.7 3.9
0.9 3.2
0.8 3
0.8 3.1
0.8 3.2
0.8 3.3
0.8 3.4
0.8 3.5
0.8 3.6
0.8 3.7
0.8 3.8
0.8 3.9
0.9 3.1
0.9 3
0 4
0 4.1
0 4.2
0 4.3
0 4.4
0 4.5
0 4.6
0 4.7
0 4.8
0 4.9
0.9 4.9
0.1 4
0.1 4.1
0.1 4.2
0.1 4.3
0.1 4.4
0.1 4.5
0.1 4.6
0.1 4.7
0.1 4.8
0.1 4.9
0.9 4.8
0.2 4
0.2 4.1
0.2 4.2
0.2 4.3
0.2 4.4
0.2 4.5
0.2 4.6
0.2 4.7
0.2 4.8
0.2 4.9
0.9 4.7
0.3 4
0.3 4.1
0.3 4.2
0.3 4.3
0.3 4.4
0.3 4.5
0.3 4.6
0.3 4.7
0.3 4.8
0.3 4.9
0.9 4.6
0.4 4
0.4 4.1
0.4 4.2
0.4 4.3
0.4 4.4
0.4 4.5
0.4 4.6
0.4 4.7
0.4 4.8
0.4 4.9
0.9 4.5
0.5 4
0.5 4.1
0.5 4.2
0.5 4.3
0.5 4.4
0.5 4.5
0.5 4.6
0.5 4.7
0.5 4.8
0.5 4.9
0.9 4.4
0.6 4
0.6 4.1
0.6 4.2
0.6 4.3
0.6 4.4
0.6 4.5
0.6 4.6
0.6 4.7
0.6 4.8
0.6 4.9
0.9 4.3
0.7 4
0.7 4.1
0.7 4.2
0.7 4.3
0.7 4.4
0.7 4.5
0.7 4.6
0.7 4.7
0.7 4.8
0.7 4.9
0.9 4.2
0.8 4
0.8 4.1
0.8 4.2
0.8 4.3
0.8 4.4
0.8 4.5
0.8 4.6
0.8 4.7
0.8 4.8
0.8 4.9
0.9 4.1
0.9 4
0 5
0 5.1
0 5.2
0 5.3
0 5.4
0 5.5
0 5.6
0 5.7
0 5.8
0 5.9
0.9 5.9
0.1 5
0.1 5.1
0.1 5.2
0.1 5.3
0.1 5.4
0.1 5.5
0.1 5.6
0.1 5.7
0.1 5.8
0.1 5.9
0.9 5.8
0.2 5
0.2 5.1
0.2 5.2
0.2 5.3
0.2 5.4
0.2 5.5
0.2 5.6
0.2 5.7
0.2 5.8
0.2 5.9
0.9 5.7
0.3 5
0.3 5.1
0.3 5.2
0.3 5.3
0.3 5.4
0.3 5.5
0.3 5.6
0.3 5.7
0.3 5.8
0.3 5.9
0.9 5.6
0.4 5
0.4 5.1
0.4 5.2
0.4 5.3
0.4 5.4
0.4 5.5
0.4 5.6
0.4 5.7
0.4 5.8
0.4 5.9
0.9 5.5
0.5 5
0.5 5.1
0.5 5.2
0.5 5.3
0.5 5.4
0.5 5.5
0.5 5.6
0.5 5.7
0.5 5.8
0.5 5.9
0.9 5.4
0.6 5
0.6 5.1
0.6 5.2
0.6 5.3
0.6 5.4
0.6 5.5
0.6 5.6
0.6 5.7
0.6 5.8
0.6 5.9
0.9 5.3
0.7 5
0.7 5.1
0.7 5.2
0.7 5.3
0.7 5.4
0.7 5.5
0.7 5.6
0.7 5.7
0.7 5.8
0.7 5.9
0.9 5.2
0.8 5
0.8 5.1
0.8 5.2
0.8 5.3
0.8 5.4
0.8 5.5
0.8 5.6
0.8 5.7
0.8 5.8
0.8 5.9
0.9 5.1
0.9 5
0 6
0 6.1
0 6.2
0 6.3
0 6.4
0 6.5
0 6.6
0 6.7
0 6.8
0 6.9
0.9 6.9
0.1 6
0.1 6.1
0.1 6.2
0.1 6.3
0.1 6.4
0.1 6.5
0.1 6.6
0.1 6.7
0.1 6.8
0.1 6.9
0.9 6.8
0.2 6
0.2 6.1
0.2 6.2
0.2 6.3
0.2 6.4
0.2 6.5
0.2 6.6
0.2 6.7
0.2 6.8
0.2 6.9
0.9 6.7
0.3 6
0.3 6.1
0.3 6.2
0.3 6.3
0.3 6.4
0.3 6.5
0.3 6.6
0.3 6.7
0.3 6.8
0.3 6.9
0.9 6.6
0.4 6
0.4 6.1
0.4 6.2
0.4 6.3
0.4 6.4
0.4 6.5
0.4 6.6
0.4 6.7
0.4 6.8
0.4 6.9
0.9 6.5
0.5 6
0.5 6.1
0.5 6.2
0.5 6.3
0.5 6.4
0.5 6.5
0.5 6.6
0.5 6.7
0.5 6.8
0.5 6.9
0.9 6.4
0.6 6
0.6 6.1
0.6 6.2
0.6 6.3
0.6 6.4
0.6 6.5
0.6 6.6
0.6 6.7
0.6 6.8
0.6 6.9
0.9 6.3
0.7 6
0.7 6.1
0.7 6.2
0.7 6.3
0.7 6.4
0.7 6.5
0.7 6.6
0.7 6.7
0.7 6.8
0.7 6.9
0.9 6.2
0.8 6
0.8 6.1
0.8 6.2
0.8 6.3
0.8 6.4
0.8 6.5
0.8 6.6
0.8 6.7
0.8 6.8
0.8 6.9
0.9 6.1
0.9 6
0 7
0 7.1
0 7.2
0 7.3
0 7.4
0 7.5
0 7.6
0 7.7
0 7.8
0 7.9
0.9 7.9
0.1 7
0.1 7.1
0.1 7.2
0.1 7.3
0.1 7.4
0.1 7.5
0.1 7.6
0.1 7.7
0.1 7.8
0.1 7.9
0.9 7.8
0.2 7
0.2 7.1
0.2 7.2
0.2 7.3
0.2 7.4
0.2 7.5
0.2 7.6
0.2 7.7
0.2 7.8
0.2 7.9
0.9 7.7
0.3 7
0.3 7.1
0.3 7.2
0.3 7.3
0.3 7.4
0.3 7.5
0.3 7.6
0.3 7.7
0.3 7.8
0.3 7.9
0.9 7.6
0.4 7
0.4 7.1
0.4 7.2
0.4 7.3
0.4 7.4
0.4 7.5
0.4 7.6
0.4 7.7
0.4 7.8
0.4 7.9
0.9 7.5
0.5 7
0.5 7.1
0.5 7.2
0.5 7.3
0.5 7.4
0.5 7.5
0.5 7.6
0.5 7.7
0.5 7.8
0.5 7.9
0.9 7.4
0.6 7
0.6 7.1
0.6 7.2
0.6 7.3
0.6 7.4
0.6 7.5
0.6 7.6
0.6 7.7
0.6 7.8
0.6 7.9
0.9 7.3
0.7 7
0.7 7.1
0.7 7.2
0.7 7.3
0.7 7.4
0.7 7.5
0.7 7.6
0.7 7.7
0.7 7.8
0.7 7.9
0.9 7.2
0.8 7
0.8 7.1
0.8 7.2
0.8 7.3
0.8 7.4
0.8 7.5
0.8 7.6
0.8 7.7
0.8 7.8
0.8 7.9
0.9 7.1
0.9 7
0 8
0 8.1
0 8.2
0 8.3
0 8.4
0 8.5
0 8.6
0 8.7
0 8.8
0 8.9
0.9 8.9
0.1 8
0.1 8.1
0.1 8.2
0.1 8.3
0.1 8.4
0.1 8.5
0.1 8.6
0.1 8.7
0.1 8.8
0.1 8.9
0.9 8.8
0.2 8
0.2 8.1
0.2 8.2
0.2 8.3
0.2 8.4
0.2 8.5
0.2 8.6
0.2 8.7
0.2 8.8
0.2 8.9
0.9 8.7
0.3 8
0.3 8.1
0.3 8.2
0.3 8.3
0.3 8.4
0.3 8.5
0.3 8.6
0.3 8.7
0.3 8.8
0.3 8.9
0.9 8.6
0.4 8
0.4 8.1
0.4 8.2
0.4 8.3
0.4 8.4
0.4 8.5
0.4 8.6
0.4 8.7
0.4 8.8
0.4 8.9
0.9 8.5
0.5 8
0.5 8.1
0.5 8.2
0.5 8.3
0.5 8.4
0.5 8.5
0.5 8.6
0.5 8.7
0.5 8.8
0.5 8.9
0.9 8.4
0.6 8
0.6 8.1
0.6 8.2
0.6 8.3
0.6 8.4
0.6 8.5
0.6 8.6
0.6 8.7
0.6 8.8
0.6 8.9
0.9 8.3
0.7 8
0.7 8.1
0.7 8.2
0.7 8.3
0.7 8.4
0.7 8.5
0.7 8.6
0.7 8.7
0.7 8.8
0.7 8.9
0.9 8.2
0.8 8
0.8 8.1
0.8 8.2
0.8 8.3
0.8 8.4
0.8 8.5
0.8 8.6
0.8 8.7
0.8 8.8
0.8 8.9
0.9 8.1
0.9 8
0 9
0 9.1
0 9.2
0 9.3
0 9.4
0 9.5
0 9.6
0 9.7
0 9.8
0 9.9
0 10
0.1 9
0.1 9.1
0.1 9.2
0.1 9.3
0.1 9.4
0.1 9.5
0.1 9.6
0.1 9.7
0.1 9.8
0.1 9.9
0.1 10
0.2 9
0.2 9.1
0.2 9.2
0.2 9.3
0.2 9.4
0.2 9.5
0.2 9.6
0.2 9.7
0.2 9.8
0.2 9.9
0.2 10
0.3 9
0.3 9.1
0.3 9.2
0.3 9.3
0.3 9.4
0.3 9.5
0.3 9.6
0.3 9.7
0.3 9.8
0.3 9.9
0.3 10
0.4 9
0.4 9.1
0.4 9.2
0.4 9.3
0.4 9.4
0.4 9.5
0.4 9.6
0.4 9.7
0.4 9.8
0.4 9.9
0.4 10
0.5 9
0.5 9.1
0.5 9.2
0.5 9.3
0.5 9.4
0.5 9.5
0.5 9.6
0.5 9.7
0.5 9.8
0.5 9.9
0.5 10
0.6 9
0.6 9.1
0.6 9.2
0.6 9.3
0.6 9.4
0.6 9.5
0.6 9.6
0.6 9.7
0.6 9.8
0.6 9.9
0.6 10
0.7 9
0.7 9.1
0.7 9.2
0.7 9.3
0.7 9.4
0.7 9.5
0.7 9.6
0.7 9.7
0.7 9.8
0.7 9.9
0.7 10
0.8 9
0.8 9.1
0.8 9.2
0.8 9.3
0.8 9.4
0.8 9.5
0.8 9.6
0.8 9.7
0.8 9.8
0.8 9.9
0.8 10
0.9 9
0.9 9.1
0.9 9.2
0.9 9.3
0.9 9.4
0.9 9.5
0.9 9.6
0.9 9.7
0.9 9.8
0.9 9.9
0.9 10
1.41421 1.11022e-16
1 0.983117
1.0083 0.985629
1.01437 0.991703
1 0
1 0.966233
1.01659 0.971258
1.02874 0.983406
1.94974 0.606604
1 0.94935
1.02489 0.956886
1.04311 0.975108
1.91461 0.085392
1.01938 0.953205
1.03582 0.964185
1.04679 0.980617
1 0.8987
1.03877 0.906411
1.07163 0.92837
1.09359 0.961234
1.3934 0.0502574
1 0.7974
1.07753 0.812822
1.14326 0.85674
1.18718 0.922468
1 0.0379198
1 0.6961
1.1163 0.719233
1.21489 0.78511
1.28077 0.883702
1.89949 0.627421
1 0.594799
1.15506 0.625643
1.28652 0.71348
1.37436 0.844936
1.82922 0.170784
1 0.459733
1.20675 0.500858
1.38203 0.617973
1.49914 0.793249
1.37258 0.100515
1 0.324666
1.25844 0.376072
1.47753 0.522466
1.62393 0.741561
1 0.0758395
1 0.189599
1.31013 0.251287
1.57304 0.42696
1.74871 0.689873
1.84923 0.648238
1 0.151679
1.33094 0.20103
1.65843 0.341568
1.79897 0.669056
1.74382 0.256176
1 0.113759
1.35176 0.150772
1 1
1.01688 1
1.01437 1.0083
1.0083 1.01437
1 1.01688
1.03377 1
1.02874 1.01659
1.01659 1.02874
1 1.03377
1.05065 1
1.04311 1.02489
1.02489 1.04311
1 1.05065
1.04679 1.01938
1.03582 1.03582
1.01938 1.04679
1.1013 1
1.09359 1.03877
1.07163 1.07163
1.03877 1.09359
1 1.1013
1.2026 1
1.18718 1.07753
1.14326 1.14326
1.07753 1.18718
1 1.2026
1.3039 1
1.28077 1.1163
1.21489 1.21489
1.1163 1.28077
1 1.3039
1.4052 1
1.37436 1.15506
1.28652 1.28652
1.15506 1.37436
1 1.4052
1.54027 1
1.49914 1.20675
1.38203 1.38203
1.20675 1.49914
1 1.54027
1.67533 1
1.62393 1.25844
1.47753 1.47753
1.25844 1.62393
1 1.67533
1.8104 1
1.74871 1.31013
1.57304 1.57304
1.31013 1.74871
1 1.8104
1.84832 1
1.79897 1.33094
1.65843 1.65843
1.33094 1.79897
1 1.84832
1.88624 1
1.84923 1.35176
1.74382 1.74382
1.35176 1.84923
1 1.88624
1.92416 1
1.89949 1.37258
1.82922 1.82922
1.37258 1.89949
1 1.92416
1.96208 1
1.94974 1.3934
1.91461 1.91461
1.3934 1.94974
1 1.96208
1 2
1 2.1
1 2.2
1 2.3
1 2.4
1 2.5
1 2.6
1 2.7
1 2.8
1 2.9
1.41421 2
1.1 2
1.1 2.1
1.1 2.2
1.1 2.3
1.1 2.4
1.1 2.5
1.1 2.6
1.1 2.7
1.1 2.8
1.1 2.9
1.9 2.9
1.2 2
1.2 2.1
1.2 2.2
1.2 2.3
1.2 2.4
1.2 2.5
1.2 2.6
1.2 2.7
1.2 2.8
1.2 2.9
1.9 2.8
1.3 2
1.3 2.1
1.3 2.2
1.3 2.3
1.3 2.4
1.3 2.5
1.3 2.6
1.3 2.7
1.3 2.8
1.3 2.9
1.9 2.7
1.4 2
1.4 2.1
1.4 2.2
1.4 2.3
1.4 2.4
1.4 2.5
1.4 2.6
1.4 2.7
1.4 2.8
1.4 2.9
1.9 2.6
1.5 2
1.5 2.1
1.5 2.2
1.5 2.3
1.5 2.4
1.5 2.5
1.5 2.6
1.5 2.7
1.5 2.8
1.5 2.9
1.9 2.5
1.6 2
1.6 2.1
1.6 2.2
1.6 2.3
1.6 2.4
1.6 2.5
1.6 2.6
1.6 2.7
1.6 2.8
1.6 2.9
1.9 2.4
1.7 2
1.7 2.1
1.7 2.2
1.7 2.3
1.7 2.4
1.7 2.5
1.7 2.6
1.7 2.7
1.7 2.8
1.7 2.9
1.9 2.3
1.8 2
1.8 2.1
1.8 2.2
1.8 2.3
1.8 2.4
1.8 2.5
1.8 2.6
1.8 2.7
1.8 2.8
1.8 2.9
1.9 2.2
1.9 2
1.9 2.1
1 3
1 3.1
1 3.2
1 3.3
1 3.4
1 3.5
1 3.6
1 3.7
1 3.8
1 3.9
1.9 3.9
1.1 3
1.1 3.1
1.1 3.2
1.1 3.3
1.1 3.4
1.1 3.5
1.1 3.6
1.1 3.7
1.1 3.8
1.1 3.9
1.9 3.8
1.2 3
1.2 3.1
1.2 3.2
1.2 3.3
1.2 3.4
1.2 3.5
1.2 3.6
1.2 3.7
1.2 3.8
1.2 3.9
1.9 3.7
1.3 3
1.3 3.1
1.3 3.2
1.3 3.3
1.3 3.4
1.3 3.5
1.3 3.6
1.3 3.7
1.3 3.8
1.3 3.9
1.9 3.6
1.4 3
1.4 3.1
1.4 3.2
1.4 3.3
1.4 3.4
1.4 3.5
1.4 3.6
1.4 3.7
1.4 3.8
1.4 3.9
1.9 3.5
1.5 3
1.5 3.1
1.5 3.2
1.5 3.3
1.5 3.4
1.5 3.5
1.5 3.6
1.5 3.7
1.5 3.8
1.5 3.9
1.9 3.4
1.6 3
1.6 3.1
1.6 3.2
1.6 3.3
1.6 3.4
1.6 3.5
1.6 3.6
1.6 3.7
1.6 3.8
1.6 3.9
1.9 3.3
1.7 3
1.7 3.1
1.7 3.2
1.7 3.3
1.7 3.4
1.7 3.5
1.7 3.6
1.7 3.7
1.7 3.8
1.7 3.9
1.9 3.2
1.8 3
1.8 3.1
1.8 3.2
1.8 3.3
1.8 3.4
1.8 3.5
1.8 3.6
1.8 3.7
1.8 3.8
1.8 3.9
1.9 3.1
1.9 3
1 4
1 4.1
1 4.2
1 4.3
1 4.4
1 4.5
1 4.6
1 4.7
1 4.8
1 4.9
1.9 4.9
1.1 4
1.1 4.1
1.1 4.2
1.1 4.3
1.1 4.4
1.1 4.5
1.1 4.6
1.1 4.7
1.1 4.8
1.1 4.9
1.9 4.8
1.2 4
1.2 4.1
1.2 4.2
1.2 4.3
1.2 4.4
1.2 4.5
1.2 4.6
1.2 4.7
1.2 4.8
1.2 4.9
1.9 4.7
1.3 4
1.3 4.1
1.3 4.2
1.3 4.3
1.3 4.4
1.3 4.5
1.3 4.6
1.3 4.7
1.3 4.8
1.3 4.9
1.9 4.6
1.4 4
1.4 4.1
1.4 4.2
1.4 4.3
1.4 4.4
1.4 4.5
1.4 4.6
1.4 4.7
1.4 4.8
1.4 4.9
1.9 4.5
1.5 4
1.5 4.1
1.5 4.2
1.5 4.3
1.5 4.4
1.5 4.5
1.5 4.6
1.5 4.7
1.5 4.8
1.5 4.9
1.9 4.4
1.6 4
1.6 4.1
1.6 4.2
1.6 4.3
1.6 4.4
1.6 4.5
1.6 4.6
1.6 4.7
1.6 4.8
1.6 4.9
1.9 4.3
1.7 4
1.7 4.1
1.7 4.2
1.7 4.3
1.7 4.4
1.7 4.5
1.7 4.6
1.7 4.7
1.7 4.8
1.7 4.9
1.9 4.2
1.8 4
1.8 4.1
1.8 4.2
1.8 4.3
1.8 4.4
1.8 4.5
1.8 4.6
1.8 4.7
1.8 4.8
1.8 4.9
1.9 4.1
1.9 4
1 5
1 5.1
1 5.2
1 5.3
1 5.4
1 5.5
1 5.6
1 5.7
1 5.8
1 5.9
1.9 5.9
1.1 5
1.1 5.1
1.1 5.2
1.1 5.3
1.1 5.4
1.1 5.5
1.1 5.6
1.1 5.7
1.1 5.8
1.1 5.9
1.9 5.8
1.2 5
1.2 5.1
1.2 5.2
1.2 5.3
1.2 5.4
1.2 5.5
1.2 5.6
1.2 5.7
1.2 5.8
1.2 5.9
1.9 5.7
1.3 5
1.3 5.1
1.3 5.2
1.3 5.3
1.3 5.4
1.3 5.5
1.3 5.6
1.3 5.7
1.3 5.8
1.3 5.9
1.9 5.6
1.4 5
1.4 5.1
1.4 5.2
1.4 5.3
1.4 5.4
1.4 5.5
1.4 5.6
1.4 5.7
1.4 5.8
1.4 5.9
1.9 5.5
1.5 5
1.5 5.1
1.5 5.2
1.5 5.3
1.5 5.4
1.5 5.5
1.5 5.6
1.5 5.7
1.5 5.8
1.5 5.9
1.9 5.4
1.6 5
1.6 5.1
1.6 5.2
1.6 5.3
1.6 5.4
1.6 5.5
1.6 5.6
1.6 5.7
1.6 5.8
1.6 5.9
1.9 5.3
1.7 5
1.7 5.1
1.7 5.2
1.7 5.3
1.7 5.4
1.7 5.5
1.7 5.6
1.7 5.7
1.7 5.8
1.7 5.9
1.9 5.2
1.8 5
1.8 5.1
1.8 5.2
1.8 5.3
1.8 5.4
1.8 5.5
1.8 5.6
1.8 5.7
1.8 5.8
1.8 5.9
1.9 5.1
1.9 5
1 6
1 6.1
1 6.2
1 6.3
1 6.4
1 6.5
1 6.6
1 6.7
1 6.8
1 6.9
1.9 6.9
1.1 6
1.1 6.1
1.1 6.2
1.1 6.3
1.1 6.4
1.1 6.5
1.1 6.6
1.1 6.7
1.1 6.8
1.1 6.9
1.9 6.8
1.2 6
1.2 6.1
1.2 6.2
1.2 6.3
1.2 6.4
1.2 6.5
1.2 6.6
1.2 6.7
1.2 6.8
1.2 6.9
1.9 6.7
1.3 6
1.3 6.1
1.3 6.2
1.3 6.3
1.3 6.4
1.3 6.5
1.3 6.6
1.3 6.7
1.3 6.8
1.3 6.9
1.9 6.6
1.4 6
1.4 6.1
1.4 6.2
1.4 6.3
1.4 6.4
1.4 6.5
1.4 6.6
1.4 6.7
1.4 6.8
1.4 6.9
1.9 6.5
1.5 6
1.5 6.1
1.5 6.2
1.5 6.3
1.5 6.4
1.5 6.5
1.5 6.6
1.5 6.7
1.5 6.8
1.5 6.9
1.9 6.4
1.6 6
1.6 6.1
1.6 6.2
1.6 6.3
1.6 6.4
1.6 6.5
1.6 6.6
1.6 6.7
1.6 6.8
1.6 6.9
1.9 6.3
1.7 6
1.7 6.1
1.7 6.2
1.7 6.3
1.7 6.4
1.7 6.5
1.7 6.6
1.7 6.7
1.7 6.8
1.7 6.9
1.9 6.2
1.8 6
1.8 6.1
1.8 6.2
1.8 6.3
1.8 6.4
1.8 6.5
1.8 6.6
1.8 6.7
1.8 6.8
1.8 6.9
1.9 6.1
1.9 6
1 7
1 7.1
1 7.2
1 7.3
1 7.4
1 7.5
1 7.6
1 7.7
1 7.8
1 7.9
1.9 7.9
1.1 7
1.1 7.1
1.1 7.2
1.1 7.3
1.1 7.4
1.1 7.5
1.1 7.6
1.1 7.7
1.1 7.8
1.1 7.9
1.9 7.8
1.2 7
1.2 7.1
1.2 7.2
1.2 7.3
1.2 7.4
1.2 7.5
1.2 7.6
1.2 7.7
1.2 7.8
1.2 7.9
1.9 7.7
1.3 7
1.3 7.1
1.3 7.2
1.3 7.3
1.3 7.4
1.3 7.5
1.3 7.6
1.3 7.7
1.3 7.8
1.3 7.9
1.9 7.6
1.4 7
1.4 7.1
1.4 7.2
1.4 7.3
1.4 7.4
1.4 7.5
1.4 7.6
1.4 7.7
1.4 7.8
1.4 7.9
1.9 7.5
1.5 7
1.5 7.1
1.5 7.2
1.5 7.3
1.5 7.4
1.5 7.5
1.5 7.6
1.5 7.7
1.5 7.8
1.5 7.9
1.9 7.4
1.6 7
1.6 7.1
1.6 7.2
1.6 7.3
1.6 7.4
1.6 7.5
1.6 7.6
1.6 7.7
1.6 7.8
1.6 7.9
1.9 7.3
1.7 7
1.7 7.1
1.7 7.2
1.7 7.3
1.7 7.4
1.7 7.5
1.7 7.6
1.7 7.7
1.7 7.8
1.7 7.9
1.9 7.2
1.8 7
1.8 7.1
1.8 7.2
1.8 7.3
1.8 7.4
1.8 7.5
1.8 7.6
1.8 7.7
1.8 7.8
1.8 7.9
1.9 7.1
1.9 7
1 8
1 8.1
1 8.2
1 8.3
1 8.4
1 8.5
1 8.6
1 8.7
1 8.8
1 8.9
1.9 8.9
1.1 8
1.1 8.1
1.1 8.2
1.1 8.3
1.1 8.4
1.1 8.5
1.1 8.6
1.1 8.7
1.1 8.8
1.1 8.9
1.9 8.8
1.2 8
1.2 8.1
1.2 8.2
1.2 8.3
1.2 8.4
1.2 8.5
1.2 8.6
1.2 8.7
1.2 8.8
1.2 8.9
1.9 8.7
1.3 8
1.3 8.1
1.3 8.2
1.3 8.3
1.3 8.4
1.3 8.5
1.3 8.6
1.3 8.7
1.3 8.8
1.3 8.9
1.9 8.6
1.4 8
1.4 8.1
1.4 8.2
1.4 8.3
1.4 8.4
1.4 8.5
1.4 8.6
1.4 8.7
1.4 8.8
1.4 8.9
1.9 8.5
1.5 8
1.5 8.1
1.5 8.2
1.5 8.3
1.5 8.4
1.5 8.5
1.5 8.6
1.5 8.7
1.5 8.8
1.5 8.9
1.9 8.4
1.6 8
1.6 8.1
1.6 8.2
1.6 8.3
1.6 8.4
1.6 8.5
1.6 8.6
1.6 8.7
1.6 8.8
1.6 8.9
1.9 8.3
1.7 8
1.7 8.1
1.7 8.2
1.7 8.3
1.7 8.4
1.7 8.5
1.7 8.6
1.7 8.7
1.7 8.8
1.7 8.9
1.9 8.2
1.8 8
1.8 8.1
1.8 8.2
1.8 8.3
1.8 8.4
1.8 8.5
1.8 8.6
1.8 8.7
1.8 8.8
1.8 8.9
1.9 8.1
1.9 8
1 9
1 9.1
1 9.2
1 9.3
1 9.4
1 9.5
1 9.6
1 9.7
1 9.8
1 9.9
1 10
1.1 9
1.1 9.1
1.1 9.2
1.1 9.3
1.1 9.4
1.1 9.5
1.1 9.6
1.1 9.7
1.1 9.8
1.1 9.9
1.1 10
1.2 9
1.2 9.1
1.2 9.2
1.2 9.3
1.2 9.4
1.2 9.5
1.2 9.6
1.2 9.7
1.2 9.8
1.2 9.9
1.2 10
1.3 9
1.3 9.1
1.3 9.2
1.3 9.3
1.3 9.4
1.3 9.5
1.3 9.6
1.3 9.7
1.3 9.8
1.3 9.9
1.3 10
1.4 9
1.4 9.1
1.4 9.2
1.4 9.3
1.4 9.4
1.4 9.5
1.4 9.6
1.4 9.7
1.4 9.8
1.4 9.9
1.4 10
1.5 9
1.5 9.1
1.5 9.2
1.5 9.3
1.5 9.4
1.5 9.5
1.5 9.6
1.5 9.7
1.5 9.8
1.5 9.9
1.5 10
1.6 9
1.6 9.1
1.6 9.2
1.6 9.3
1.6 9.4
1.6 9.5
1.6 9.6
1.6 9.7
1.6 9.8
1.6 9.9
1.6 10
1.7 9
1.7 9.1
1.7 9.2
1.7 9.3
1.7 9.4
1.7 9.5
1.7 9.6
1.7 9.7
1.7 9.8
1.7 9.9
1.7 10
1.8 9
1.8 9.1
1.8 9.2
1.8 9.3
1.8 9.4
1.8 9.5
1.8 9.6
1.8 9.7
1.8 9.8
1.8 9.9
1.8 10
1.9 9
1.9 9.1
1.9 9.2
1.9 9.3
1.9 9.4
1.9 9.5
1.9 9.6
1.9 9.7
1.9 9.8
1.9 9.9
1.9 10
2 0
2 0.1
2 0.2
2 0.3
2 0.4
2 0.5
2 0.6
2 0.7
2 0.8
2 0.9
2 0.585786
2.1 0
2.1 0.1
2.1 0.2
2.1 0.3
2.1 0.4
2.1 0.5
2.1 0.6
2.1 0.7
2.1 0.8
2.1 0.9
2.9 0.9
2.2 0
2.2 0.1
2.2 0.2
2.2 0.3
2.2 0.4
2.2 0.5
2.2 0.6
2.2 0.7
2.2 0.8
2.2 0.9
2.9 0.8
2.3 0
2.3 0.1
2.3 0.2
2.3 0.3
2.3 0.4
2.3 0.5
2.3 0.6
2.3 0.7
2.3 0.8
2.3 0.9
2.9 0.7
2.4 0
2.4 0.1
2.4 0.2
2.4 0.3
2.4 0.4
2.4 0.5
2.4 0.6
2.4 0.7
2.4 0.8
2.4 0.9
2.9 0.6
2.5 0
2.5 0.1
2.5 0.2
2.5 0.3
2.5 0.4
2.5 0.5
2.5 0.6
2.5 0.7
2.5 0.8
2.5 0.9
2.9 0.5
2.6 0
2.6 0.1
2.6 0.2
2.6 0.3
2.6 0.4
2.6 0.5
2.6 0.6
2.6 0.7
2.6 0.8
2.6 0.9
2.9 0.4
2.7 0
2.7 0.1
2.7 0.2
2.7 0.3
2.7 0.4
2.7 0.5
2.7 0.6
2.7 0.7
2.7 0.8
2.7 0.9
2.9 0.3
2.8 0
2.8 0.1
2.8 0.2
2.8 0.3
2.8 0.4
2.8 0.5
2.8 0.6
2.8 0.7
2.8 0.8
2.8 0.9
2.9 0.2
2.9 0
2.9 0.1
2 1
2 1.1
2 1.2
2 1.3
2 1.4
2 1.5
2 1.6
2 1.7
2 1.8
2 1.9
2 1.41421
2.1 1
2.1 1.1
2.1 1.2
2.1 1.3
2.1 1.4
2.1 1.5
2.1 1.6
2.1 1.7
2.1 1.8
2.1 1.9
2.9 1.9
2.2 1
2.2 1.1
2.2 1.2
2.2 1.3
2.2 1.4
2.2 1.5
2.2 1.6
2.2 1.7
2.2 1.8
2.2 1.9
2.9 1.8
2.3 1
2.3 1.1
2.3 1.2
2.3 1.3
2.3 1.4
2.3 1.5
2.3 1.6
2.3 1.7
2.3 1.8
2.3 1.9
2.9 1.7
2.4 1
2.4 1.1
2.4 1.2
2.4 1.3
2.4 1.4
2.4 1.5
2.4 1.6
2.4 1.7
2.4 1.8
2.4 1.9
2.9 1.6
2.5 1
2.5 1.1
2.5 1.2
2.5 1.3
2.5 1.4
2.5 1.5
2.5 1.6
2.5 1.7
2.5 1.8
2.5 1.9
2.9 1.5
2.6 1
2.6 1.1
2.6 1.2
2.6 1.3
2.6 1.4
2.6 1.5
2.6 1.6
2.6 1.7
2.6 1.8
2.6 1.9
2.9 1.4
2.7 1
2.7 1.1
2.7 1.2
2.7 1.3
2.7 1.4
2.7 1.5
2.7 1.6
2.7 1.7
2.7 1.8
2.7 1.9
2.9 1.3
2.8 1
2.8 1.1
2.8 1.2
2.8 1.3
2.8 1.4
2.8 1.5
2.8 1.6
2.8 1.7
2.8 1.8
2.8 1.9
2.9 1.2
2.9 1
2.9 1.1
2 2
2 2.1
2 2.2
2 2.3
2 2.4
2 2.5
2 2.6
2 2.7
2 2.8
2 2.9
2.9 2.9
2.1 2
2.1 2.1
2.1 2.2
2.1 2.3
2.1 2.4
2.1 2.5
2.1 2.6
2.1 2.7
2.1 2.8
2.1 2.9
2.9 2.8
2.2 2
2.2 2.1
2.2 2.2
2.2 2.3
2.2 2.4
2.2 2.5
2.2 2.6
2.2 2.7
2.2 2.8
2.2 2.9
2.9 2.7
2.3 2
2.3 2.1
2.3 2.2
2.3 2.3
2.3 2.4
2.3 2.5
2.3 2.6
2.3 2.7
2.3 2.8
2.3 2.9
2.9 2.6
2.4 2
2.4 2.1
2.4 2.2
2.4 2.3
2.4 2.4
2.4 2.5
2.4 2.6
2.4 2.7
2.4 2.8
2.4 2.9
2.9 2.5
2.5 2
2.5 2.1
2.5 2.2
2.5 2.3
2.5 2.4
2.5 2.5
2.5 2.6
2.5 2.7
2.5 2.8
2.5 2.9
2.9 2.4
2.6 2
2.6 2.1
2.6 2.2
2.6 2.3
2.6 2.4
2.6 2.5
2.6 2.6
2.6 2.7
2.6 2.8
2.6 2.9
2.9 2.3
2.7 2
2.7 2.1
2.7 2.2
2.7 2.3
2.7 2.4
2.7 2.5
2.7 2.6
2.7 2.7
2.7 2.8
2.7 2.9
2.9 2.2
2.8 2
2.8 2.1
2.8 2.2
2.8 2.3
2.8 2.4
2.8 2.5
2.8 2.6
2.8 2.7
2.8 2.8
2.8 2.9
2.9 2.1
2.9 2
2 3
2 3.1
2 3.2
2 3.3
2 3.4
2 3.5
2 3.6
2 3.7
2 3.8
2 3.9
2.9 3.9
2.1 3
2.1 3.1
2.1 3.2
2.1 3.3
2.1 3.4
2.1 3.5
2.1 3.6
2.1 3.7
2.1 3.8
2.1 3.9
2.9 3.8
2.2 3
2.2 3.1
2.2 3.2
2.2 3.3
2.2 3.4
2.2 3.5
2.2 3.6
2.2 3.7
2.2 3.8
2.2 3.9
2.9 3.7
2.3 3
2.3 3.1
2.3 3.2
2.3 3.3
2.3 3.4
2.3 3.5
2.3 3.6
2.3 3.7
2.3 3.8
2.3 3.9
2.9 3.6
2.4 3
2.4 3.1
2.4 3.2
2.4 3.3
2.4 3.4
2.4 3.5
2.4 3.6
2.4 3.7
2.4 3.8
2.4 3.9
2.9 3.5
2.5 3
2.5 3.1
2.5 3.2
2.5 3.3
2.5 3.4
2.5 3.5
2.5 3.6
2.5 3.7
2.5 3.8
2.5 3.9
2.9 3.4
2.6 3
2.6 3.1
2.6 3.2
2.6 3.3
2.6 3.4
2.6 3.5
2.6 3.6
2.6 3.7
2.6 3.8
2.6 3.9
2.9 3.3
2.7 3
2.7 3.1
2.7 3.2
2.7 3.3
2.7 3.4
2.7 3.5
2.7 3.6
2.7 3.7
2.7 3.8
2.7 3.9
2.9 3.2
2.8 3
2.8 3.1
2.8 3.2
2.8 3.3
2.8 3.4
2.8 3.5
2.8 3.6
2.8 3.7
2.8 3.8
2.8 3.9
2.9 3.1
2.9 3
2 4
2 4.1
2 4.2
2 4.3
2 4.4
2 4.5
2 4.6
2 4.7
2 4.8
2 4.9
2.9 4.9
2.1 4
2.1 4.1
2.1 4.2
2.1 4.3
2.1 4.4
2.1 4.5
2.1 4.6
2.1 4.7
2.1 4.8
2.1 4.9
2.9 4.8
2.2 4
2.2 4.1
2.2 4.2
2.2 4.3
2.2 4.4
2.2 4.5
2.2 4.6
2.2 4.7
2.2 4.8
2.2 4.9
2.9 4.7
2.3 4
2.3 4.1
2.3 4.2
2.3 4.3
2.3 4.4
2.3 4.5
2.3 4.6
2.3 4.7
2.3 4.8
2.3 4.9
2.9 4.6
2.4 4
2.4 4.1
2.4 4.2
2.4 4.3
2.4 4.4
2.4 4.5
2.4 4.6
2.4 4.7
2.4 4.8
2.4 4.9
2.9 4.5
2.5 4
2.5 4.1
2.5 4.2
2.5 4.3
2.5 4.4
2.5 4.5
2.5 4.6
2.5 4.7
2.5 4.8
2.5 4.9
2.9 4.4
2.6 4
2.6 4.1
2.6 4.2
2.6 4.3
2.6 4.4
2.6 4.5
2.6 4.6
2.6 4.7
2.6 4.8
2.6 4.9
2.9 4.3
2.7 4
2.7 4.1
2.7 4.2
2.7 4.3
2.7 4.4
2.7 4.5
2.7 4.6
2.7 4.7
2.7 4.8
2.7 4.9
2.9 4.2
2.8 4
2.8 4.1
2.8 4.2
2.8 4.3
2.8 4.4
2.8 4.5
2.8 4.6
2.8 4.7
2.8 4.8
2.8 4.9
2.9 4.1
2.9 4
2 5
2 5.1
2 5.2
2 5.3
2 5.4
2 5.5
2 5.6
2 5.7
2 5.8
2 5.9
2.9 5.9
2.1 5
2.1 5.1
2.1 5.2
2.1 5.3
2.1 5.4
2.1 5.5
2.1 5.6
2.1 5.7
2.1 5.8
2.1 5.9
2.9 5.8
2.2 5
2.2 5.1
2.2 5.2
2.2 5.3
2.2 5.4
2.2 5.5
2.2 5.6
2.2 5.7
2.2 5.8
2.2 5.9
2.9 5.7
2.3 5
2.3 5.1
2.3 5.2
2.3 5.3
2.3 5.4
2.3 5.5
2.3 5.6
2.3 5.7
2.3 5.8
2.3 5.9
2.9 5.6
2.4 5
2.4 5.1
2.4 5.2
2.4 5.3
2.4 5.4
2.4 5.5
2.4 5.6
2.4 5.7
2.4 5.8
2.4 5.9
2.9 5.5
2.5 5
2.5 5.1
2.5 5.2
2.5 5.3
2.5 5.4
2.5 5.5
2.5 5.6
2.5 5.7
2.5 5.8
2.5 5.9
2.9 5.4
2.6 5
2.6 5.1
2.6 5.2
2.6 5.3
2.6 5.4
2.6 5.5
2.6 5.6
2.6 5.7
2.6 5.8
2.6 5.9
2.9 5.3
2.7 5
2.7 5.1
2.7 5.2
2.7 5.3
2.7 5.4
2.7 5.5
2.7 5.6
2.7 5.7
2.7 5.8
2.7 5.9
2.9 5.2
2.8 5
2.8 5.1
2.8 5.2
2.8 5.3
2.8 5.4
2.8 5.5
2.8 5.6
2.8 5.7
2.8 5.8
2.8 5.9
2.9 5.1
2.9 5
2 6
2 6.1
2 6.2
2 6.3
2 6.4
2 6.5
2 6.6
2 6.7
2 6.8
2 6.9
2.9 6.9
2.1 6
2.1 6.1
2.1 6.2
2.1 6.3
2.1 6.4
2.1 6.5
2.1 6.6
2.1 6.7
2.1 6.8
2.1 6.9
2.9 6.8
2.2 6
2.2 6.1
2.2 6.2
2.2 6.3
2.2 6.4
2.2 6.5
2.2 6.6
2.2 6.7
2.2 6.8
2.2 6.9
2.9 6.7
2.3 6
2.3 6.1
2.3 6.2
2.3 6.3
2.3 6.4
2.3 6.5
2.3 6.6
2.3 6.7
2.3 6.8
2.3 6.9
2.9 6.6
2.4 6
2.4 6.1
2.4 6.2
2.4 6.3
2.4 6.4
2.4 6.5
2.4 6.6
2.4 6.7
2.4 6.8
2.4 6.9
2.9 6.5
2.5 6
2.5 6.1
2.5 6.2
2.5 6.3
2.5 6.4
2.5 6.5
2.5 6.6
2.5 6.7
2.5 6.8
2.5 6.9
2.9 6.4
2.6 6
2.6 6.1
2.6 6.2
2.6 6.3
2.6 6.4
2.6 6.5
2.6 6.6
2.6 6.7
2.6 6.8
2.6 6.9
2.9 6.3
2.7 6
2.7 6.1
2.7 6.2
2.7 6.3
2.7 6.4
2.7 6.5
2.7 6.6
2.7 6.7
2.7 6.8
2.7 6.9
2.9 6.2
2.8 6
2.8 6.1
2.8 6.2
2.8 6.3
2.8 6.4
2.8 6.5
2.8 6.6
2.8 6.7
2.8 6.8
2.8 6.9
2.9 6.1
2.9 6
2 7
2 7.1
2 7.2
2 7.3
2 7.4
2 7.5
2 7.6
2 7.7
2 7.8
2 7.9
2.9 7.9
2.1 7
2.1 7.1
2.1 7.2
2.1 7.3
2.1 7.4
2.1 7.5
2.1 7.6
2.1 7.7
2.1 7.8
2.1 7.9
2.9 7.8
2.2 7
2.2 7.1
2.2 7.2
2.2 7.3
2.2 7.4
2.2 7.5
2.2 7.6
2.2 7.7
2.2 7.8
2.2 7.9
2.9 7.7
2.3 7
2.3 7.1
2.3 7.2
2.3 7.3
2.3 7.4
2.3 7.5
2.3 7.6
2.3 7.7
2.3 7.8
2.3 7.9
2.9 7.6
2.4 7
2.4 7.1
2.4 7.2
2.4 7.3
2.4 7.4
2.4 7.5
2.4 7.6
2.4 7.7
2.4 7.8
2.4 7.9
2.9 7.5
2.5 7
2.5 7.1
2.5 7.2
2.5 7.3
2.5 7.4
2.5 7.5
2.5 7.6
2.5 7.7
2.5 7.8
2.5 7.9
2.9 7.4
2.6 7
2.6 7.1
2.6 7.2
2.6 7.3
2.6 7.4
2.6 7.5
2.6 7.6
2.6 7.7
2.6 7.8
2.6 7.9
2.9 7.3
2.7 7
2.7 7.1
2.7 7.2
2.7 7.3
2.7 7.4
2.7 7.5
2.7 7.6
2.7 7.7
2.7 7.8
2.7 7.9
2.9 7.2
2.8 7
2.8 7.1
2.8 7.2
2.8 7.3
2.8 7.4
2.8 7.5
2.8 7.6
2.8 7.7
2.8 7.8
2.8 7.9
2.9 7.1
2.9 7
2 8
2 8.1
2 8.2
2 8.3
2 8.4
2 8.5
2 8.6
2 8.7
2 8.8
2 8.9
2.9 8.9
2.1 8
2.1 8.1
2.1 8.2
2.1 8.3
2.1 8.4
2.1 8.5
2.1 8.6
2.1 8.7
2.1 8.8
2.1 8.9
2.9 8.8
2.2 8
2.2 8.1
2.2 8.2
2.2 8.3
2.2 8.4
2.2 8.5
2.2 8.6
2.2 8.7
2.2 8.8
2.2 8.9
2.9 8.7
2.3 8
2.3 8.1
2.3 8.2
2.3 8.3
2.3 8.4
2.3 8.5
2.3 8.6
2.3 8.7
2.3 8.8
2.3 8.9
2.9 8.6
2.4 8
2.4 8.1
2.4 8.2
2.4 8.3
2.4 8.4
2.4 8.5
2.4 8.6
2.4 8.7
2.4 8.8
2.4 8.9
2.9 8.5
2.5 8
2.5 8.1
2.5 8.2
2.5 8.3
2.5 8.4
2.5 8.5
2.5 8.6
2.5 8.7
2.5 8.8
2.5 8.9
2.9 8.4
2.6 8
2.6 8.1
2.6 8.2
2.6 8.3
2.6 8.4
2.6 8.5
2.6 8.6
2.6 8.7
2.6 8.8
2.6 8.9
2.9 8.3
2.7 8
2.7 8.1
2.7 8.2
2.7 8.3
2.7 8.4
2.7 8.5
2.7 8.6
2.7 8.7
2.7 8.8
2.7 8.9
2.9 8.2
2.8 8
2.8 8.1
2.8 8.2
2.8 8.3
2.8 8.4
2.8 8.5
2.8 8.6
2.8 8.7
2.8 8.8
2.8 8.9
2.9 8.1
2.9 8
2 9
2 9.1
2 9.2
2 9.3
2 9.4
2 9.5
2 9.6
2 9.7
2 9.8
2 9.9
2 10
2.1 9
2.1 9.1
2.1 9.2
2.1 9.3
2.1 9.4
2.1 9.5
2.1 9.6
2.1 9.7
2.1 9.8
2.1 9.9
2.1 10
2.2 9
2.2 9.1
2.2 9.2
2.2 9.3
2.2 9.4
2.2 9.5
2.2 9.6
2.2 9.7
2.2 9.8
2.2 9.9
2.2 10
2.3 9
2.3 9.1
2.3 9.2
2.3 9.3
2.3 9.4
2.3 9.5
2.3 9.6
2.3 9.7
2.3 9.8
2.3 9.9
2.3 10
2.4 9
2.4 9.1
2.4 9.2
2.4 9.3
2.4 9.4
2.4 9.5
2.4 9.6
2.4 9.7
2.4 9.8
2.4 9.9
2.4 10
2.5 9
2.5 9.1
2.5 9.2
2.5 9.3
2.5 9.4
2.5 9.5
2.5 9.6
2.5 9.7
2.5 9.8
2.5 9.9
2.5 10
2.6 9
2.6 9.1
2.6 9.2
2.6 9.3
2.6 9.4
2.6 9.5
2.6 9.6
2.6 9.7
2.6 9.8
2.6 9.9
2.6 10
2.7 9
2.7 9.1
2.7 9.2
2.7 9.3
2.7 9.4
2.7 9.5
2.7 9.6
2.7 9.7
2.7 9.8
2.7 9.9
2.7 10
2.8 9
2.8 9.1
2.8 9.2
2.8 9.3
2.8 9.4
2.8 9.5
2.8 9.6
2.8 9.7
2.8 9.8
2.8 9.9
2.8 10
2.9 9
2.9 9.1
2.9 9.2
2.9 9.3
2.9 9.4
2.9 9.5
2.9 9.6
2.9 9.7
2.9 9.8
2.9 9.9
2.9 10
3 0
3 0.1
3 0.2
3 0.3
3 0.4
3 0.5
3 0.6
3 0.7
3 0.8
3 0.9
3.9 0.9
3.1 0
3.1 0.1
3.1 0.2
3.1 0.3
3.1 0.4
3.1 0.5
3.1 0.6
3.1 0.7
3.1 0.8
3.1 0.9
3.9 0.8
3.2 0
3.2 0.1
3.2 0.2
3.2 0.3
3.2 0.4
3.2 0.5
3.2 0.6
3.2 0.7
3.2 0.8
3.2 0.9
3.9 0.7
3.3 0
3.3 0.1
3.3 0.2
3.3 0.3
3.3 0.4
3.3 0.5
3.3 0.6
3.3 0.7
3.3 0.8
3.3 0.9
3.9 0.6
3.4 0
3.4 0.1
3.4 0.2
3.4 0.3
3.4 0.4
3.4 0.5
3.4 0.6
3.4 0.7
3.4 0.8
3.4 0.9
3.9 0.5
3.5 0
3.5 0.1
3.5 0.2
3.5 0.3
3.5 0.4
3.5 0.5
3.5 0.6
3.5 0.7
3.5 0.8
3.5 0.9
3.9 0.4
3.6 0
3.6 0.1
3.6 0.2
3.6 0.3
3.6 0.4
3.6 0.5
3.6 0.6
3.6 0.7
3.6 0.8
3.6 0.9
3.9 0.3
3.7 0
3.7 0.1
3.7 0.2
3.7 0.3
3.7 0.4
3.7 0.5
3.7 0.6
3.7 0.7
3.7 0.8
3.7 0.9
3.9 0.2
3.8 0
3.8 0.1
3.8 0.2
3.8 0.3
3.8 0.4
3.8 0.5
3.8 0.6
3.8 0.7
3.8 0.8
3.8 0.9
3.9 0.1
3.9 0
3 1
3 1.1
3 1.2
3 1.3
3 1.4
3 1.5
3 1.6
3 1.7
3 1.8
3 1.9
3.9 1.9
3.1 1
3.1 1.1
3.1 1.2
3.1 1.3
3.1 1.4
3.1 1.5
3.1 1.6
3.1 1.7
3.1 1.8
3.1 1.9
3.9 1.8
3.2 1
3.2 1.1
3.2 1.2
3.2 1.3
3.2 1.4
3.2 1.5
3.2 1.6
3.2 1.7
3.2 1.8
3.2 1.9
3.9 1.7
3.3 1
3.3 1.1
3.3 1.2
3.3 1.3
3.3 1.4
3.3 1.5
3.3 1.6
3.3 1.7
3.3 1.8
3.3 1.9
3.9 1.6
3.4 1
3.4 1.1
3.4 1.2
3.4 1.3
3.4 1.4
3.4 1.5
3.4 1.6
3.4 1.7
3.4 1.8
3.4 1.9
3.9 1.5
3.5 1
3.5 1.1
3.5 1.2
3.5 1.3
3.5 1.4
3.5 1.5
3.5 1.6
3.5 1.7
3.5 1.8
3.5 1.9
3.9 1.4
3.6 1
3.6 1.1
3.6 1.2
3.6 1.3
3.6 1.4
3.6 1.5
3.6 1.6
3.6 1.7
3.6 1.8
3.6 1.9
3.9 1.3
3.7 1
3.7 1.1
3.7 1.2
3.7 1.3
3.7 1.4
3.7 1.5
3.7 1.6
3.7 1.7
3.7 1.8
3.7 1.9
3.9 1.2
3.8 1
3.8 1.1
3.8 1.2
3.8 1.3
3.8 1.4
3.8 1.5
3.8 1.6
3.8 1.7
3.8 1.8
3.8 1.9
3.9 1.1
3.9 1
3 2
3 2.1
3 2.2
3 2.3
3 2.4
3 2.5
3 2.6
3 2.7
3 2.8
3 2.9
3.9 2.9
3.1 2
3.1 2.1
3.1 2.2
3.1 2.3
3.1 2.4
3.1 2.5
3.1 2.6
3.1 2.7
3.1 2.8
3.1 2.9
3.9 2.8
3.2 2
3.2 2.1
3.2 2.2
3.2 2.3
3.2 2.4
3.2 2.5
3.2 2.6
3.2 2.7
3.2 2.8
3.2 2.9
3.9 2.7
3.3 2
3.3 2.1
3.3 2.2
3.3 2.3
3.3 2.4
3.3 2.5
3.3 2.6
3.3 2.7
3.3 2.8
3.3 2.9
3.9 2.6
3.4 2
3.4 2.1
3.4 2.2
3.4 2.3
3.4 2.4
3.4 2.5
3.4 2.6
3.4 2.7
3.4 2.8
3.4 2.9
3.9 2.5
3.5 2
3.5 2.1
3.5 2.2
3.5 2.3
3.5 2.4
3.5 2.5
3.5 2.6
3.5 2.7
3.5 2.8
3.5 2.9
3.9 2.4
3.6 2
3.6 2.1
3.6 2.2
3.6 2.3
3.6 2.4
3.6 2.5
3.6 2.6
3.6 2.7
3.6 2.8
3.6 2.9
3.9 2.3
3.7 2
3.7 2.1
3.7 2.2
3.7 2.3
3.7 2.4
3.7 2.5
3.7 2.6
3.7 2.7
3.7 2.8
3.7 2.9
3.9 2.2
3.8 2
3.8 2.1
3.8 2.2
3.8 2.3
3.8 2.4
3.8 2.5
3.8 2.6
3.8 2.7
3.8 2.8
3.8 2.9
3.9 2.1
3.9 2
3 3
3 3.1
3 3.2
3 3.3
3 3.4
3 3.5
3 3.6
3 3.7
3 3.8
3 3.9
3.9 3.9
3.1 3
3.1 3.1
3.1 3.2
3.1 3.3
3.1 3.4
3.1 3.5
3.1 3.6
3.1 3.7
3.1 3.8
3.1 3.9
3.9 3.8
3.2 3
3.2 3.1
3.2 3.2
3.2 3.3
3.2 3.4
3.2 3.5
3.2 3.6
3.2 3.7
3.2 3.8
3.2 3.9
3.9 3.7
3.3 3
3.3 3.1
3.3 3.2
3.3 3.3
3.3 3.4
3.3 3.5
3.3 3.6
3.3 3.7
3.3 3.8
3.3 3.9
3.9 3.6
3.4 3
3.4 3.1
3.4 3.2
3.4 3.3
3.4 3.4
3.4 3.5
3.4 3.6
3.4 3.7
3.4 3.8
3.4 3.9
3.9 3.5
3.5 3
3.5 3.1
3.5 3.2
3.5 3.3
3.5 3.4
3.5 3.5
3.5 3.6
3.5 3.7
3.5 3.8
3.5 3.9
3.9 3.4
3.6 3
3.6 3.1
3.6 3.2
3.6 3.3
3.6 3.4
3.6 3.5
3.6 3.6
3.6 3.7
3.6 3.8
3.6 3.9
3.9 3.3
3.7 3
3.7 3.1
3.7 3.2
3.7 3.3
3.7 3.4
3.7 3.5
3.7 3.6
3.7 3.7
3.7 3.8
3.7 3.9
3.9 3.2
3.8 3
3.8 3.1
3.8 3.2
3.8 3.3
3.8 3.4
3.8 3.5
3.8 3.6
3.8 3.7
3.8 3.8
3.8 3.9
3.9 3.1
3.9 3
3 4
3 4.1
3 4.2
3 4.3
3 4.4
3 4.5
3 4.6
3 4.7
3 4.8
3 4.9
3.9 4.9
3.1 4
3.1 4.1
3.1 4.2
3.1 4.3
3.1 4.4
3.1 4.5
3.1 4.6
3.1 4.7
3.1 4.8
3.1 4.9
3.9 4.8
3.2 4
3.2 4.1
3.2 4.2
3.2 4.3
3.2 4.4
3.2 4.5
3.2 4.6
3.2 4.7
3.2 4.8
3.2 4.9
3.9 4.7
3.3 4
3.3 4.1
3.3 4.2
3.3 4.3
3.3 4.4
3.3 4.5
3.3 4.6
3.3 4.7
3.3 4.8
3.3 4.9
3.9 4.6
3.4 4
3.4 4.1
3.4 4.2
3.4 4.3
3.4 4.4
3.4 4.5
3.4 4.6
3.4 4.7
3.4 4.8
3.4 4.9
3.9 4.5
3.5 4
3.5 4.1
3.5 4.2
3.5 4.3
3.5 4.4
3.5 4.5
3.5 4.6
3.5 4.7
3.5 4.8
3.5 4.9
3.9 4.4
3.6 4
3.6 4.1
3.6 4.2
3.6 4.3
3.6 4.4
3.6 4.5
3.6 4.6
3.6 4.7
3.6 4.8
3.6 4.9
3.9 4.3
3.7 4
3.7 4.1
3.7 4.2
3.7 4.3
3.7 4.4
3.7 4.5
3.7 4.6
3.7 4.7
3.7 4.8
3.7 4.9
3.9 4.2
3.8 4
3.8 4.1
3.8 4.2
3.8 4.3
3.8 4.4
3.8 4.5
3.8 4.6
3.8 4.7
3.8 4.8
3.8 4.9
3.9 4.1
3.9 4
3 5
3 5.1
3 5.2
3 5.3
3 5.4
3 5.5
3 5.6
3 5.7
3 5.8
3 5.9
3.9 5.9
3.1 5
3.1 5.1
3.1 5.2
3.1 5.3
3.1 5.4
3.1 5.5
3.1 5.6
3.1 5.7
3.1 5.8
3.1 5.9
3.9 5.8
3.2 5
3.2 5.1
3.2 5.2
3.2 5.3
3.2 5.4
3.2 5.5
3.2 5.6
3.2 5.7
3.2 5.8
3.2 5.9
3.9 5.7
3.3 5
3.3 5.1
3.3 5.2
3.3 5.3
3.3 5.4
3.3 5.5
3.3 5.6
3.3 5.7
3.3 5.8
3.3 5.9
3.9 5.6
3.4 5
3.4 5.1
3.4 5.2
3.4 5.3
3.4 5.4
3.4 5.5
3.4 5.6
3.4 5.7
3.4 5.8
3.4 5.9
3.9 5.5
3.5 5
3.5 5.1
3.5 5.2
3.5 5.3
3.5 5.4
3.5 5.5
3.5 5.6
3.5 5.7
3.5 5.8
3.5 5.9
3.9 5.4
3.6 5
3.6 5.1
3.6 5.2
3.6 5.3
3.6 5.4
3.6 5.5
3.6 5.6
3.6 5.7
3.6 5.8
3.6 5.9
3.9 5.3
3.7 5
3.7 5.1
3.7 5.2
3.7 5.3
3.7 5.4
3.7 5.5
3.7 5.6
3.7 5.7
3.7 5.8
3.7 5.9
3.9 5.2
3.8 5
3.8 5.1
3.8 5.2
3.8 5.3
3.8 5.4
3.8 5.5
3.8 5.6
3.8 5.7
3.8 5.8
3.8 5.9
3.9 5.1
3.9 5
3 6
3 6.1
3 6.2
3 6.3
3 6.4
3 6.5
3 6.6
3 6.7
3 6.8
3 6.9
3.9 6.9
3.1 6
3.1 6.1
3.1 6.2
3.1 6.3
3.1 6.4
3.1 6.5
3.1 6.6
3.1 6.7
3.1 6.8
3.1 6.9
3.9 6.8
3.2 6
3.2 6.1
3.2 6.2
3.2 6.3
3.2 6.4
3.2 6.5
3.2 6.6
3.2 6.7
3.2 6.8
3.2 6.9
3.9 6.7
3.3 6
3.3 6.1
3.3 6.2
3.3 6.3
3.3 6.4
3.3 6.5
3.3 6.6
3.3 6.7
3.3 6.8
3.3 6.9
3.9 6.6
3.4 6
3.4 6.1
3.4 6.2
3.4 6.3
3.4 6.4
3.4 6.5
3.4 6.6
3.4 6.7
3.4 6.8
3.4 6.9
3.9 6.5
3.5 6
3.5 6.1
3.5 6.2
3.5 6.3
3.5 6.4
3.5 6.5
3.5 6.6
3.5 6.7
3.5 6.8
3.5 6.9
3.9 6.4
3.6 6
3.6 6.1
3.6 6.2
3.6 6.3
3.6 6.4
3.6 6.5
3.6 6.6
3.6 6.7
3.6 6.8
3.6 6.9
3.9 6.3
3.7 6
3.7 6.1
3.7 6.2
3.7 6.3
3.7 6.4
3.7 6.5
3.7 6.6
3.7 6.7
3.7 6.8
3.7 6.9
3.9 6.2
3.8 6
3.8 6.1
3.8 6.2
3.8 6.3
3.8 6.4
3.8 6.5
3.8 6.6
3.8 6.7
3.8 6.8
3.8 6.9
3.9 6.1
3.9 6
3 7
3 7.1
3 7.2
3 7.3
3 7.4
3 7.5
3 7.6
3 7.7
3 7.8
3 7.9
3.9 7.9
3.1 7
3.1 7.1
3.1 7.2
3.1 7.3
3.1 7.4
3.1 7.5
3.1 7.6
3.1 7.7
3.1 7.8
3.1 7.9
3.9 7.8
3.2 7
3.2 7.1
3.2 7.2
3.2 7.3
3.2 7.4
3.2 7.5
3.2 7.6
3.2 7.7
3.2 7.8
3.2 7.9
3.9 7.7
3.3 7
3.3 7.1
3.3 7.2
3.3 7.3
3.3 7.4
3.3 7.5
3.3 7.6
3.3 7.7
3.3 7.8
3.3 7.9
3.9 7.6
3.4 7
3.4 7.1
3.4 7.2
3.4 7.3
3.4 7.4
3.4 7.5
3.4 7.6
3.4 7.7
3.4 7.8
3.4 7.9
3.9 7.5
3.5 7
3.5 7.1
3.5 7.2
3.5 7.3
3.5 7.4
3.5 7.5
3.5 7.6
3.5 7.7
3.5 7.8
3.5 7.9
3.9 7.4
3.6 7
3.6 7.1
3.6 7.2
3.6 7.3
3.6 7.4
3.6 7.5
3.6 7.6
3.6 7.7
3.6 7.8
3.6 7.9
3.9 7.3
3.7 7
3.7 7.1
3.7 7.2
3.7 7.3
3.7 7.4
3.7 7.5
3.7 7.6
3.7 7.7
3.7 7.8
3.7 7.9
3.9 7.2
3.8 7
3.8 7.1
3.8 7.2
3.8 7.3
3.8 7.4
3.8 7.5
3.8 7.6
3.8 7.7
3.8 7.8
3.8 7.9
3.9 7.1
3.9 7
3 8
3 8.1
3 8.2
3 8.3
3 8.4
3 8.5
3 8.6
3 8.7
3 8.8
3 8.9
3.9 8.9
3.1 8
3.1 8.1
3.1 8.2
3.1 8.3
3.1 8.4
3.1 8.5
3.1 8.6
3.1 8.7
3.1 8.8
3.1 8.9
3.9 8.8
3.2 8
3.2 8.1
3.2 8.2
3.2 8.3
3.2 8.4
3.2 8.5
3.2 8.6
3.2 8.7
3.2 8.8
3.2 8.9
3.9 8.7
3.3 8
3.3 8.1
3.3 8.2
3.3 8.3
3.3 8.4
3.3 8.5
3.3 8.6
3.3 8.7
3.3 8.8
3.3 8.9
3.9 8.6
3.4 8
3.4 8.1
3.4 8.2
3.4 8.3
3.4 8.4
3.4 8.5
3.4 8.6
3.4 8.7
3.4 8.8
3.4 8.9
3.9 8.5
3.5 8
3.5 8.1
3.5 8.2
3.5 8.3
3.5 8.4
3.5 8.5
3.5 8.6
3.5 8.7
3.5 8.8
3.5 8.9
3.9 8.4
3.6 8
3.6 8.1
3.6 8.2
3.6 8.3
3.6 8.4
3.6 8.5
3.6 8.6
3.6 8.7
3.6 8.8
3.6 8.9
3.9 8.3
3.7 8
3.7 8.1
3.7 8.2
3.7 8.3
3.7 8.4
3.7 8.5
3.7 8.6
3.7 8.7
3.7 8.8
3.7 8.9
3.9 8.2
3.8 8
3.8 8.1
3.8 8.2
3.8 8.3
3.8 8.4
3.8 8.5
3.8 8.6
3.8 8.7
3.8 8.8
3.8 8.9
3.9 8.1
3.9 8
3 9
3 9.1
3 9.2
3 9.3
3 9.4
3 9.5
3 9.6
3 9.7
3 9.8
3 9.9
3 10
3.1 9
3.1 9.1
3.1 9.2
3.1 9.3
3.1 9.4
3.1 9.5
3.1 9.6
3.1 9.7
3.1 9.8
3.1 9.9
3.1 10
3.2 9
3.2 9.1
3.2 9.2
3.2 9.3
3.2 9.4
3.2 9.5
3.2 9.6
3.2 9.7
3.2 9.8
3.2 9.9
3.2 10
3.3 9
3.3 9.1
3.3 9.2
3.3 9.3
3.3 9.4
3.3 9.5
3.3 9.6
3.3 9.7
3.3 9.8
3.3 9.9
3.3 10
3.4 9
3.4 9.1
3.4 9.2
3.4 9.3
3.4 9.4
3.4 9.5
3.4 9.6
3.4 9.7
3.4 9.8
3.4 9.9
3.4 10
3.5 9
3.5 9.1
3.5 9.2
3.5 9.3
3.5 9.4
3.5 9.5
3.5 9.6
3.5 9.7
3.5 9.8
3.5 9.9
3.5 10
3.6 9
3.6 9.1
3.6 9.2
3.6 9.3
3.6 9.4
3.6 9.5
3.6 9.6
3.6 9.7
3.6 9.8
3.6 9.9
3.6 10
3.7 9
3.7 9.1
3.7 9.2
3.7 9.3
3.7 9.4
3.7 9.5
3.7 9.6
3.7 9.7
3.7 9.8
3.7 9.9
3.7 10
3.8 9
3.8 9.1
3.8 9.2
3.8 9.3
3.8 9.4
3.8 9.5
3.8 9.6
3.8 9.7
3.8 9.8
3.8 9.9
3.8 10
3.9 9
3.9 9.1
3.9 9.2
3.9 9.3
3.9 9.4
3.9 9.5
3.9 9.6
3.9 9.7
3.9 9.8
3.9 9.9
3.9 10
4 0
4 0.1
4 0.2
4 0.3
4 0.4
4 0.5
4 0.6
4 0.7
4 0.8
4 0.9
4.9 0.9
4.1 0
4.1 0.1
4.1 0.2
4.1 0.3
4.1 0.4
4.1 0.5
4.1 0.6
4.1 0.7
4.1 0.8
4.1 0.9
4.9 0.8
4.2 0
4.2 0.1
4.2 0.2
4.2 0.3
4.2 0.4
4.2 0.5
4.2 0.6
4.2 0.7
4.2 0.8
4.2 0.9
4.9 0.7
4.3 0
4.3 0.1
4.3 0.2
4.3 0.3
4.3 0.4
4.3 0.5
4.3 0.6
4.3 0.7
4.3 0.8
4.3 0.9
4.9 0.6
4.4 0
4.4 0.1
4.4 0.2
4.4 0.3
4.4 0.4
4.4 0.5
4.4 0.6
4.4 0.7
4.4 0.8
4.4 0.9
4.9 0.5
4.5 0
4.5 0.1
4.5 0.2
4.5 0.3
4.5 0.4
4.5 0.5
4.5 0.6
4.5 0.7
4.5 0.8
4.5 0.9
4.9 0.4
4.6 0
4.6 0.1
4.6 0.2
4.6 0.3
4.6 0.4
4.6 0.5
4.6 0.6
4.6 0.7
4.6 0.8
4.6 0.9
4.9 0.3
4.7 0
4.7 0.1
4.7 0.2
4.7 0.3
4.7 0.4
4.7 0.5
4.7 0.6
4.7 0.7
4.7 0.8
4.7 0.9
4.9 0.2
4.8 0
4.8 0.1
4.8 0.2
4.8 0.3
4.8 0.4
4.8 0.5
4.8 0.6
4.8 0.7
4.8 0.8
4.8 0.9
4.9 0.1
4.9 0
4 1
4 1.1
4 1.2
4 1.3
4 1.4
4 1.5
4 1.6
4 1.7
4 1.8
4 1.9
4.9 1.9
4.1 1
4.1 1.1
4.1 1.2
4.1 1.3
4.1 1.4
4.1 1.5
4.1 1.6
4.1 1.7
4.1 1.8
4.1 1.9
4.9 1.8
4.2 1
4.2 1.1
4.2 1.2
4.2 1.3
4.2 1.4
4.2 1.5
4.2 1.6
4.2 1.7
4.2 1.8
4.2 1.9
4.9 1.7
4.3 1
4.3 1.1
4.3 1.2
4.3 1.3
4.3 1.4
4.3 1.5
4.3 1.6
4.3 1.7
4.3 1.8
4.3 1.9
4.9 1.6
4.4 1
4.4 1.1
4.4 1.2
4.4 1.3
4.4 1.4
4.4 1.5
4.4 1.6
4.4 1.7
4.4 1.8
4.4 1.9
4.9 1.5
4.5 1
4.5 1.1
4.5 1.2
4.5 1.3
4.5 1.4
4.5 1.5
4.5 1.6
4.5 1.7
4.5 1.8
4.5 1.9
4.9 1.4
4.6 1
4.6 1.1
4.6 1.2
4.6 1.3
4.6 1.4
4.6 1.5
4.6 1.6
4.6 1.7
4.6 1.8
4.6 1.9
4.9 1.3
4.7 1
4.7 1.1
4.7 1.2
4.7 1.3
4.7 1.4
4.7 1.5
4.7 1.6
4.7 1.7
4.7 1.8
4.7 1.9
4.9 1.2
4.8 1
4.8 1.1
4.8 1.2
4.8 1.3
4.8 1.4
4.8 1.5
4.8 1.6
4.8 1.7
4.8 1.8
4.8 1.9
4.9 1.1
4.9 1
4 2
4 2.1
4 2.2
4 2.3
4 2.4
4 2.5
4 2.6
4 2.7
4 2.8
4 2.9
4.9 2.9
4.1 2
4.1 2.1
4.1 2.2
4.1 2.3
4.1 2.4
4.1 2.5
4.1 2.6
4.1 2.7
4.1 2.8
4.1 2.9
4.9 2.8
4.2 2
4.2 2.1
4.2 2.2
4.2 2.3
4.2 2.4
4.2 2.5
4.2 2.6
4.2 2.7
4.2 2.8
4.2 2.9
4.9 2.7
4.3 2
4.3 2.1
4.3 2.2
4.3 2.3
4.3 2.4
4.3 2.5
4.3 2.6
4.3 2.7
4.3 2.8
4.3 2.9
4.9 2.6
4.4 2
4.4 2.1
4.4 2.2
4.4 2.3
4.4 2.4
4.4 2.5
4.4 2.6
4.4 2.7
4.4 2.8
4.4 2.9
4.9 2.5
4.5 2
4.5 2.1
4.5 2.2
4.5 2.3
4.5 2.4
4.5 2.5
4.5 2.6
4.5 2.7
4.5 2.8
4.5 2.9
4.9 2.4
4.6 2
4.6 2.1
4.6 2.2
4.6 2.3
4.6 2.4
4.6 2.5
4.6 2.6
4.6 2.7
4.6 2.8
4.6 2.9
4.9 2.3
4.7 2
4.7 2.1
4.7 2.2
4.7 2.3
4.7 2.4
4.7 2.5
4.7 2.6
4.7 2.7
4.7 2.8
4.7 2.9
4.9 2.2
4.8 2
4.8 2.1
4.8 2.2
4.8 2.3
4.8 2.4
4.8 2.5
4.8 2.6
4.8 2.7
4.8 2.8
4.8 2.9
4.9 2.1
4.9 2
4 3
4 3.1
4 3.2
4 3.3
4 3.4
4 3.5
4 3.6
4 3.7
4 3.8
4 3.9
4.9 3.9
4.1 3
4.1 3.1
4.1 3.2
4.1 3.3
4.1 3.4
4.1 3.5
4.1 3.6
4.1 3.7
4.1 3.8
4.1 3.9
4.9 3.8
4.2 3
4.2 3.1
4.2 3.2
4.2 3.3
4.2 3.4
4.2 3.5
4.2 3.6
4.2 3.7
4.2 3.8
4.2 3.9
4.9 3.7
4.3 3
4.3 3.1
4.3 3.2
4.3 3.3
4.3 3.4
4.3 3.5
4.3 3.6
4.3 3.7
4.3 3.8
4.3 3.9
4.9 3.6
4.4 3
4.4 3.1
4.4 3.2
4.4 3.3
4.4 3.4
4.4 3.5
4.4 3.6
4.4 3.7
4.4 3.8
4.4 3.9
4.9 3.5
4.5 3
4.5 3.1
4.5 3.2
4.5 3.3
4.5 3.4
4.5 3.5
4.5 3.6
4.5 3.7
4.5 3.8
4.5 3.9
4.9 3.4
4.6 3
4.6 3.1
4.6 3.2
4.6 3.3
4.6 3.4
4.6 3.5
4.6 3.6
4.6 3.7
4.6 3.8
4.6 3.9
4.9 3.3
4.7 3
4.7 3.1
4.7 3.2
4.7 3.3
4.7 3.4
4.7 3.5
4.7 3.6
4.7 3.7
4.7 3.8
4.7 3.9
4.9 3.2
4.8 3
4.8 3.1
4.8 3.2
4.8 3.3
4.8 3.4
4.8 3.5
4.8 3.6
4.8 3.7
4.8 3.8
4.8 3.9
4.9 3.1
4.9 3
4 4
4 4.1
4 4.2
4 4.3
4 4.4
4 4.5
4 4.6
4 4.7
4 4.8
4 4.9
4.9 4.9
4.1 4
4.1 4.1
4.1 4.2
4.1 4.3
4.1 4.4
4.1 4.5
4.1 4.6
4.1 4.7
4.1 4.8
4.1 4.9
4.9 4.8
4.2 4
4.2 4.1
4.2 4.2
4.2 4.3
4.2 4.4
4.2 4.5
4.2 4.6
4.2 4.7
4.2 4.8
4.2 4.9
4.9 4.7
4.3 4
4.3 4.1
4.3 4.2
4.3 4.3
4.3 4.4
4.3 4.5
4.3 4.6
4.3 4.7
4.3 4.8
4.3 4.9
4.9 4.6
4.4 4
4.4 4.1
4.4 4.2
4.4 4.3
4.4 4.4
4.4 4.5
4.4 4.6
4.4 4.7
4.4 4.8
4.4 4.9
4.9 4.5
4.5 4
4.5 4.1
4.5 4.2
4.5 4.3
4.5 4.4
4.5 4.5
4.5 4.6
4.5 4.7
4.5 4.8
4.5 4.9
4.9 4.4
4.6 4
4.6 4.1
4.6 4.2
4.6 4.3
4.6 4.4
4.6 4.5
4.6 4.6
4.6 4.7
4.6 4.8
4.6 4.9
4.9 4.3
4.7 4
4.7 4.1
4.7 4.2
4.7 4.3
4.7 4.4
4.7 4.5
4.7 4.6
4.7 4.7
4.7 4.8
4.7 4.9
4.9 4.2
4.8 4
4.8 4.1
4.8 4.2
4.8 4.3
4.8 4.4
4.8 4.5
4.8 4.6
4.8 4.7
4.8 4.8
4.8 4.9
4.9 4.1
4.9 4
4 5
4 5.1
4 5.2
4 5.3
4 5.4
4 5.5
4 5.6
4 5.7
4 5.8
4 5.9
4.9 5.9
4.1 5
4.1 5.1
4.1 5.2
4.1 5.3
4.1 5.4
4.1 5.5
4.1 5.6
4.1 5.7
4.1 5.8
4.1 5.9
4.9 5.8
4.2 5
4.2 5.1
4.2 5.2
4.2 5.3
4.2 5.4
4.2 5.5
4.2 5.6
4.2 5.7
4.2 5.8
4.2 5.9
4.9 5.7
4.3 5
4.3 5.1
4.3 5.2
4.3 5.3
4.3 5.4
4.3 5.5
4.3 5.6
4.3 5.7
4.3 5.8
4.3 5.9
4.9 5.6
4.4 5
4.4 5.1
4.4 5.2
4.4 5.3
4.4 5.4
4.4 5.5
4.4 5.6
4.4 5.7
4.4 5.8
4.4 5.9
4.9 5.5
4.5 5
4.5 5.1
4.5 5.2
4.5 5.3
4.5 5.4
4.5 5.5
4.5 5.6
4.5 5.7
4.5 5.8
4.5 5.9
4.9 5.4
4.6 5
4.6 5.1
4.6 5.2
4.6 5.3
4.6 5.4
4.6 5.5
4.6 5.6
4.6 5.7
4.6 5.8
4.6 5.9
4.9 5.3
4.7 5
4.7 5.1
4.7 5.2
4.7 5.3
4.7 5.4
4.7 5.5
4.7 5.6
4.7 5.7
4.7 5.8
4.7 5.9
4.9 5.2
4.8 5
4.8 5.1
4.8 5.2
4.8 5.3
4.8 5.4
4.8 5.5
4.8 5.6
4.8 5.7
4.8 5.8
4.8 5.9
4.9 5.1
4.9 5
4 6
4 6.1
4 6.2
4 6.3
4 6.4
4 6.5
4 6.6
4 6.7
4 6.8
4 6.9
4.9 6.9
4.1 6
4.1 6.1
4.1 6.2
4.1 6.3
4.1 6.4
4.1 6.5
4.1 6.6
4.1 6.7
4.1 6.8
4.1 6.9
4.9 6.8
4.2 6
4.2 6.1
4.2 6.2
4.2 6.3
4.2 6.4
4.2 6.5
4.2 6.6
4.2 6.7
4.2 6.8
4.2 6.9
4.9 6.7
4.3 6
4.3 6.1
4.3 6.2
4.3 6.3
4.3 6.4
4.3 6.5
4.3 6.6
4.3 6.7
4.3 6.8
4.3 6.9
4.9 6.6
4.4 6
4.4 6.1
4.4 6.2
4.4 6.3
4.4 6.4
4.4 6.5
4.4 6.6
4.4 6.7
4.4 6.8
4.4 6.9
4.9 6.5
4.5 6
4.5 6.1
4.5 6.2
4.5 6.3
4.5 6.4
4.5 6.5
4.5 6.6
4.5 6.7
4.5 6.8
4.5 6.9
4.9 6.4
4.6 6
4.6 6.1
4.6 6.2
4.6 6.3
4.6 6.4
4.6 6.5
4.6 6.6
4.6 6.7
4.6 6.8
4.6 6.9
4.9 6.3
4.7 6
4.7 6.1
4.7 6.2
4.7 6.3
4.7 6.4
4.7 6.5
4.7 6.6
4.7 6.7
4.7 6.8
4.7 6.9
4.9 6.2
4.8 6
4.8 6.1
4.8 6.2
4.8 6.3
4.8 6.4
4.8 6.5
4.8 6.6
4.8 6.7
4.8 6.8
4.8 6.9
4.9 6.1
4.9 6
4 7
4 7.1
4 7.2
4 7.3
4 7.4
4 7.5
4 7.6
4 7.7
4 7.8
4 7.9
4.9 7.9
4.1 7
4.1 7.1
4.1 7.2
4.1 7.3
4.1 7.4
4.1 7.5
4.1 7.6
4.1 7.7
4.1 7.8
4.1 7.9
4.9 7.8
4.2 7
4.2 7.1
4.2 7.2
4.2 7.3
4.2 7.4
4.2 7.5
4.2 7.6
4.2 7.7
4.2 7.8
4.2 7.9
4.9 7.7
4.3 7
4.3 7.1
4.3 7.2
4.3 7.3
4.3 7.4
4.3 7.5
4.3 7.6
4.3 7.7
4.3 7.8
4.3 7.9
4.9 7.6
4.4 7
4.4 7.1
4.4 7.2
4.4 7.3
4.4 7.4
4.4 7.5
4.4 7.6
4.4 7.7
4.4 7.8
4.4 7.9
4.9 7.5
4.5 7
4.5 7.1
4.5 7.2
4.5 7.3
4.5 7.4
4.5 7.5
4.5 7.6
4.5 7.7
4.5 7.8
4.5 7.9
4.9 7.4
4.6 7
4.6 7.1
4.6 7.2
4.6 7.3
4.6 7.4
4.6 7.5
4.6 7.6
4.6 7.7
4.6 7.8
4.6 7.9
4.9 7.3
4.7 7
4.7 7.1
4.7 7.2
4.7 7.3
4.7 7.4
4.7 7.5
4.7 7.6
4.7 7.7
4.7 7.8
4.7 7.9
4.9 7.2
4.8 7
4.8 7.1
4.8 7.2
4.8 7.3
4.8 7.4
4.8 7.5
4.8 7.6
4.8 7.7
4.8 7.8
4.8 7.9
4.9 7.1
4.9 7
4 8
4 8.1
4 8.2
4 8.3
4 8.4
4 8.5
4 8.6
4 8.7
4 8.8
4 8.9
4.9 8.9
4.1 8
4.1 8.1
4.1 8.2
4.1 8.3
4.1 8.4
4.1 8.5
4.1 8.6
4.1 8.7
4.1 8.8
4.1 8.9
4.9 8.8
4.2 8
4.2 8.1
4.2 8.2
4.2 8.3
4.2 8.4
4.2 8.5
4.2 8.6
4.2 8.7
4.2 8.8
4.2 8.9
4.9 8.7
4.3 8
4.3 8.1
4.3 8.2
4.3 8.3
4.3 8.4
4.3 8.5
4.3 8.6
4.3 8.7
4.3 8.8
4.3 8.9
4.9 8.6
4.4 8
4.4 8.1
4.4 8.2
4.4 8.3
4.4 8.4
4.4 8.5
4.4 8.6
4.4 8.7
4.4 8.8
4.4 8.9
4.9 8.5
4.5 8
4.5 8.1
4.5 8.2
4.5 8.3
4.5 8.4
4.5 8.5
4.5 8.6
4.5 8.7
4.5 8.8
4.5 8.9
4.9 8.4
4.6 8
4.6 8.1
4.6 8.2
4.6 8.3
4.6 8.4
4.6 8.5
4.6 8.6
4.6 8.7
4.6 8.8
4.6 8.9
4.9 8.3
4.7 8
4.7 8.1
4.7 8.2
4.7 8.3
4.7 8.4
4.7 8.5
4.7 8.6
4.7 8.7
4.7 8.8
4.7 8.9
4.9 8.2
4.8 8
4.8 8.1
4.8 8.2
4.8 8.3
4.8 8.4
4.8 8.5
4.8 8.6
4.8 8.7
4.8 8.8
4.8 8.9
4.9 8.1
4.9 8
4 9
4 9.1
4 9.2
4 9.3
4 9.4
4 9.5
4 9.6
4 9.7
4 9.8
4 9.9
4 10
4.1 9
4.1 9.1
4.1 9.2
4.1 9.3
4.1 9.4
4.1 9.5
4.1 9.6
4.1 9.7
4.1 9.8
4.1 9.9
4.1 10
4.2 9
4.2 9.1
4.2 9.2
4.2 9.3
4.2 9.4
4.2 9.5
4.2 9.6
4.2 9.7
4.2 9.8
4.2 9.9
4.2 10
4.3 9
4.3 9.1
4.3 9.2
4.3 9.3
4.3 9.4
4.3 9.5
4.3 9.6
4.3 9.7
4.3 9.8
4.3 9.9
4.3 10
4.4 9
4.4 9.1
4.4 9.2
4.4 9.3
4.4 9.4
4.4 9.5
4.4 9.6
4.4 9.7
4.4 9.8
4.4 9.9
4.4 10
4.5 9
4.5 9.1
4.5 9.2
4.5 9.3
4.5 9.4
4.5 9.5
4.5 9.6
4.5 9.7
4.5 9.8
4.5 9.9
4.5 10
4.6 9
4.6 9.1
4.6 9.2
4.6 9.3
4.6 9.4
4.6 9.5
4.6 9.6
4.6 9.7
4.6 9.8
4.6 9.9
4.6 10
4.7 9
4.7 9.1
4.7 9.2
4.7 9.3
4.7 9.4
4.7 9.5
4.7 9.6
4.7 9.7
4.7 9.8
4.7 9.9
4.7 10
4.8 9
4.8 9.1
4.8 9.2
4.8 9.3
4.8 9.4
4.8 9.5
4.8 9.6
4.8 9.7
4.8 9.8
4.8 9.9
4.8 10
4.9 9
4.9 9.1
4.9 9.2
4.9 9.3
4.9 9.4
4.9 9.5
4.9 9.6
4.9 9.7
4.9 9.8
4.9 9.9
4.9 10
5 0
5 0.1
5 0.2
5 0.3
5 0.4
5 0.5
5 0.6
5 0.7
5 0.8
5 0.9
5.9 0.9
5.1 0
5.1 0.1
5.1 0.2
5.1 0.3
5.1 0.4
5.1 0.5
5.1 0.6
5.1 0.7
5.1 0.8
5.1 0.9
5.9 0.8
5.2 0
5.2 0.1
5.2 0.2
5.2 0.3
5.2 0.4
5.2 0.5
5.2 0.6
5.2 0.7
5.2 0.8
5.2 0.9
5.9 0.7
5.3 0
5.3 0.1
5.3 0.2
5.3 0.3
5.3 0.4
5.3 0.5
5.3 0.6
5.3 0.7
5.3 0.8
5.3 0.9
5.9 0.6
5.4 0
5.4 0.1
5.4 0.2
5.4 0.3
5.4 0.4
5.4 0.5
5.4 0.6
5.4 0.7
5.4 0.8
5.4 0.9
5.9 0.5
5.5 0
5.5 0.1
5.5 0.2
5.5 0.3
5.5 0.4
5.5 0.5
5.5 0.6
5.5 0.7
5.5 0.8
5.5 0.9
5.9 0.4
5.6 0
5.6 0.1
5.6 0.2
5.6 0.3
5.6 0.4
5.6 0.5
5.6 0.6
5.6 0.7
5.6 0.8
5.6 0.9
5.9 0.3
5.7 0
5.7 0.1
5.7 0.2
5.7 0.3
5.7 0.4
5.7 0.5
5.7 0.6
5.7 0.7
5.7 0.8
5.7 0.9
5.9 0.2
5.8 0
5.8 0.1
5.8 0.2
5.8 0.3
5.8 0.4
5.8 0.5
5.8 0.6
5.8 0.7
5.8 0.8
5.8 0.9
5.9 0.1
5.9 0
5 1
5 1.1
5 1.2
5 1.3
5 1.4
5 1.5
5 1.6
5 1.7
5 1.8
5 1.9
5.9 1.9
5.1 1
5.1 1.1
5.1 1.2
5.1 1.3
5.1 1.4
5.1 1.5
5.1 1.6
5.1 1.7
5.1 1.8
5.1 1.9
5.9 1.8
5.2 1
5.2 1.1
5.2 1.2
5.2 1.3
5.2 1.4
5.2 1.5
5.2 1.6
5.2 1.7
5.2 1.8
5.2 1.9
5.9 1.7
5.3 1
5.3 1.1
5.3 1.2
5.3 1.3
5.3 1.4
5.3 1.5
5.3 1.6
5.3 1.7
5.3 1.8
5.3 1.9
5.9 1.6
5.4 1
5.4 1.1
5.4 1.2
5.4 1.3
5.4 1.4
5.4 1.5
5.4 1.6
5.4 1.7
5.4 1.8
5.4 1.9
5.9 1.5
5.5 1
5.5 1.1
5.5 1.2
5.5 1.3
5.5 1.4
5.5 1.5
5.5 1.6
5.5 1.7
5.5 1.8
5.5 1.9
5.9 1.4
5.6 1
5.6 1.1
5.6 1.2
5.6 1.3
5.6 1.4
5.6 1.5
5.6 1.6
5.6 1.7
5.6 1.8
5.6 1.9
5.9 1.3
5.7 1
5.7 1.1
5.7 1.2
5.7 1.3
5.7 1.4
5.7 1.5
5.7 1.6
5.7 1.7
5.7 1.8
5.7 1.9
5.9 1.2
5.8 1
5.8 1.1
5.8 1.2
5.8 1.3
5.8 1.4
5.8 1.5
5.8 1.6
5.8 1.7
5.8 1.8
5.8 1.9
5.9 1.1
5.9 1
5 2
5 2.1
5 2.2
5 2.3
5 2.4
5 2.5
5 2.6
5 2.7
5 2.8
5 2.9
5.9 2.9
5.1 2
5.1 2.1
5.1 2.2
5.1 2.3
5.1 2.4
5.1 2.5
5.1 2.6
5.1 2.7
5.1 2.8
5.1 2.9
5.9 2.8
5.2 2
5.2 2.1
5.2 2.2
5.2 2.3
5.2 2.4
5.2 2.5
5.2 2.6
5.2 2.7
5.2 2.8
5.2 2.9
5.9 2.7
5.3 2
5.3 2.1
5.3 2.2
5.3 2.3
5.3 2.4
5.3 2.5
5.3 2.6
5.3 2.7
5.3 2.8
5.3 2.9
5.9 2.6
5.4 2
5.4 2.1
5.4 2.2
5.4 2.3
5.4 2.4
5.4 2.5
5.4 2.6
5.4 2.7
5.4 2.8
5.4 2.9
5.9 2.5
5.5 2
5.5 2.1
5.5 2.2
5.5 2.3
5.5 2.4
5.5 2.5
5.5 2.6
5.5 2.7
5.5 2.8
5.5 2.9
5.9 2.4
5.6 2
5.6 2.1
5.6 2.2
5.6 2.3
5.6 2.4
5.6 2.5
5.6 2.6
5.6 2.7
5.6 2.8
5.6 2.9
5.9 2.3
5.7 2
5.7 2.1
5.7 2.2
5.7 2.3
5.7 2.4
5.7 2.5
5.7 2.6
5.7 2.7
5.7 2.8
5.7 2.9
5.9 2.2
5.8 2
5.8 2.1
5.8 2.2
5.8 2.3
5.8 2.4
5.8 2.5
5.8 2.6
5.8 2.7
5.8 2.8
5.8 2.9
5.9 2.1
5.9 2
5 3
5 3.1
5 3.2
5 3.3
5 3.4
5 3.5
5 3.6
5 3.7
5 3.8
5 3.9
5.9 3.9
5.1 3
5.1 3.1
5.1 3.2
5.1 3.3
5.1 3.4
5.1 3.5
5.1 3.6
5.1 3.7
5.1 3.8
5.1 3.9
5.9 3.8
5.2 3
5.2 3.1
5.2 3.2
5.2 3.3
5.2 3.4
5.2 3.5
5.2 3.6
5.2 3.7
5.2 3.8
5.2 3.9
5.9 3.7
5.3 3
5.3 3.1
5.3 3.2
5.3 3.3
5.3 3.4
5.3 3.5
5.3 3.6
5.3 3.7
5.3 3.8
5.3 3.9
5.9 3.6
5.4 3
5.4 3.1
5.4 3.2
5.4 3.3
5.4 3.4
5.4 3.5
5.4 3.6
5.4 3.7
5.4 3.8
5.4 3.9
5.9 3.5
5.5 3
5.5 3.1
5.5 3.2
5.5 3.3
5.5 3.4
5.5 3.5
5.5 3.6
5.5 3.7
5.5 3.8
5.5 3.9
5.9 3.4
5.6 3
5.6 3.1
5.6 3.2
5.6 3.3
5.6 3.4
5.6 3.5
5.6 3.6
5.6 3.7
5.6 3.8
5.6 3.9
5.9 3.3
5.7 3
5.7 3.1
5.7 3.2
5.7 3.3
5.7 3.4
5.7 3.5
5.7 3.6
5.7 3.7
5.7 3.8
5.7 3.9
5.9 3.2
5.8 3
5.8 3.1
5.8 3.2
5.8 3.3
5.8 3.4
5.8 3.5
5.8 3.6
5.8 3.7
5.8 3.8
5.8 3.9
5.9 3.1
5.9 3
5 4
5 4.1
5 4.2
5 4.3
5 4.4
5 4.5
5 4.6
5 4.7
5 4.8
5 4.9
5.9 4.9
5.1 4
5.1 4.1
5.1 4.2
5.1 4.3
5.1 4.4
5.1 4.5
5.1 4.6
5.1 4.7
5.1 4.8
5.1 4.9
5.9 4.8
5.2 4
5.2 4.1
5.2 4.2
5.2 4.3
5.2 4.4
5.2 4.5
5.2 4.6
5.2 4.7
5.2 4.8
5.2 4.9
5.9 4.7
5.3 4
5.3 4.1
5.3 4.2
5.3 4.3
5.3 4.4
5.3 4.5
5.3 4.6
5.3 4.7
5.3 4.8
5.3 4.9
5.9 4.6
5.4 4
5.4 4.1
5.4 4.2
5.4 4.3
5.4 4.4
5.4 4.5
5.4 4.6
5.4 4.7
5.4 4.8
5.4 4.9
5.9 4.5
5.5 4
5.5 4.1
5.5 4.2
5.5 4.3
5.5 4.4
5.5 4.5
5.5 4.6
5.5 4.7
5.5 4.8
5.5 4.9
5.9 4.4
5.6 4
5.6 4.1
5.6 4.2
5.6 4.3
5.6 4.4
5.6 4.5
5.6 4.6
5.6 4.7
5.6 4.8
5.6 4.9
5.9 4.3
5.7 4
5.7 4.1
5.7 4.2
5.7 4.3
5.7 4.4
5.7 4.5
5.7 4.6
5.7 4.7
5.7 4.8
5.7 4.9
5.9 4.2
5.8 4
5.8 4.1
5.8 4.2
5.8 4.3
5.8 4.4
5.8 4.5
5.8 4.6
5.8 4.7
5.8 4.8
5.8 4.9
5.9 4.1
5.9 4
5 5
5 5.1
5 5.2
5 5.3
5 5.4
5 5.5
5 5.6
5 5.7
5 5.8
5 5.9
5.9 5.9
5.1 5
5.1 5.1
5.1 5.2
5.1 5.3
5.1 5.4
5.1 5.5
5.1 5.6
5.1 5.7
5.1 5.8
5.1 5.9
5.9 5.8
5.2 5
5.2 5.1
5.2 5.2
5.2 5.3
5.2 5.4
5.2 5.5
5.2 5.6
5.2 5.7
5.2 5.8
5.2 5.9
5.9 5.7
5.3 5
5.3 5.1
5.3 5.2
5.3 5.3
5.3 5.4
5.3 5.5
5.3 5.6
5.3 5.7
5.3 5.8
5.3 5.9
5.9 5.6
5.4 5
5.4 5.1
5.4 5.2
5.4 5.3
5.4 5.4
5.4 5.5
5.4 5.6
5.4 5.7
5.4 5.8
5.4 5.9
5.9 5.5
5.5 5
5.5 5.1
5.5 5.2
5.5 5.3
5.5 5.4
5.5 5.5
5.5 5.6
5.5 5.7
5.5 5.8
5.5 5.9
5.9 5.4
5.6 5
5.6 5.1
5.6 5.2
5.6 5.3
5.6 5.4
5.6 5.5
5.6 5.6
5.6 5.7
5.6 5.8
5.6 5.9
5.9 5.3
5.7 5
5.7 5.1
5.7 5.2
5.7 5.3
5.7 5.4
5.7 5.5
5.7 5.6
5.7 5.7
5.7 5.8
5.7 5.9
5.9 5.2
5.8 5
5.8 5.1
5.8 5.2
5.8 5.3
5.8 5.4
5.8 5.5
5.8 5.6
5.8 5.7
5.8 5.8
5.8 5.9
5.9 5.1
5.9 5
5 6
5 6.1
5 6.2
5 6.3
5 6.4
5 6.5
5 6.6
5 6.7
5 6.8
5 6.9
5.9 6.9
5.1 6
5.1 6.1
5.1 6.2
5.1 6.3
5.1 6.4
5.1 6.5
5.1 6.6
5.1 6.7
5.1 6.8
5.1 6.9
5.9 6.8
5.2 6
5.2 6.1
5.2 6.2
5.2 6.3
5.2 6.4
5.2 6.5
5.2 6.6
5.2 6.7
5.2 6.8
5.2 6.9
5.9 6.7
5.3 6
5.3 6.1
5.3 6.2
5.3 6.3
5.3 6.4
5.3 6.5
5.3 6.6
5.3 6.7
5.3 6.8
5.3 6.9
5.9 6.6
5.4 6
5.4 6.1
5.4 6.2
5.4 6.3
5.4 6.4
5.4 6.5
5.4 6.6
5.4 6.7
5.4 6.8
5.4 6.9
5.9 6.5
5.5 6
5.5 6.1
5.5 6.2
5.5 6.3
5.5 6.4
5.5 6.5
5.5 6.6
5.5 6.7
5.5 6.8
5.5 6.9
5.9 6.4
5.6 6
5.6 6.1
5.6 6.2
5.6 6.3
5.6 6.4
5.6 6.5
5.6 6.6
5.6 6.7
5.6 6.8
5.6 6.9
5.9 6.3
5.7 6
5.7 6.1
5.7 6.2
5.7 6.3
5.7 6.4
5.7 6.5
5.7 6.6
5.7 6.7
5.7 6.8
5.7 6.9
5.9 6.2
5.8 6
5.8 6.1
5.8 6.2
5.8 6.3
5.8 6.4
5.8 6.5
5.8 6.6
5.8 6.7
5.8 6.8
5.8 6.9
5.9 6.1
5.9 6
5 7
5 7.1
5 7.2
5 7.3
5 7.4
5 7.5
5 7.6
5 7.7
5 7.8
5 7.9
5.9 7.9
5.1 7
5.1 7.1
5.1 7.2
5.1 7.3
5.1 7.4
5.1 7.5
5.1 7.6
5.1 7.7
5.1 7.8
5.1 7.9
5.9 7.8
5.2 7
5.2 7.1
5.2 7.2
5.2 7.3
5.2 7.4
5.2 7.5
5.2 7.6
5.2 7.7
5.2 7.8
5.2 7.9
5.9 7.7
5.3 7
5.3 7.1
5.3 7.2
5.3 7.3
5.3 7.4
5.3 7.5
5.3 7.6
5.3 7.7
5.3 7.8
5.3 7.9
5.9 7.6
5.4 7
5.4 7.1
5.4 7.2
5.4 7.3
5.4 7.4
5.4 7.5
5.4 7.6
5.4 7.7
5.4 7.8
5.4 7.9
5.9 7.5
5.5 7
5.5 7.1
5.5 7.2
5.5 7.3
5.5 7.4
5.5 7.5
5.5 7.6
5.5 7.7
5.5 7.8
5.5 7.9
5.9 7.4
5.6 7
5.6 7.1
5.6 7.2
5.6 7.3
5.6 7.4
5.6 7.5
5.6 7.6
5.6 7.7
5.6 7.8
5.6 7.9
5.9 7.3
5.7 7
5.7 7.1
5.7 7.2
5.7 7.3
5.7 7.4
5.7 7.5
5.7 7.6
5.7 7.7
5.7 7.8
5.7 7.9
5.9 7.2
5.8 7
5.8 7.1
5.8 7.2
5.8 7.3
5.8 7.4
5.8 7.5
5.8 7.6
5.8 7.7
5.8 7.8
5.8 7.9
5.9 7.1
5.9 7
5 8
5 8.1
5 8.2
5 8.3
5 8.4
5 8.5
5 8.6
5 8.7
5 8.8
5 8.9
5.9 8.9
5.1 8
5.1 8.1
5.1 8.2
5.1 8.3
5.1 8.4
5.1 8.5
5.1 8.6
5.1 8.7
5.1 8.8
5.1 8.9
5.9 8.8
5.2 8
5.2 8.1
5.2 8.2
5.2 8.3
5.2 8.4
5.2 8.5
5.2 8.6
5.2 8.7
5.2 8.8
5.2 8.9
5.9 8.7
5.3 8
5.3 8.1
5.3 8.2
5.3 8.3
5.3 8.4
5.3 8.5
5.3 8.6
5.3 8.7
5.3 8.8
5.3 8.9
5.9 8.6
5.4 8
5.4 8.1
5.4 8.2
5.4 8.3
5.4 8.4
5.4 8.5
5.4 8.6
5.4 8.7
5.4 8.8
5.4 8.9
5.9 8.5
5.5 8
5.5 8.1
5.5 8.2
5.5 8.3
5.5 8.4
5.5 8.5
5.5 8.6
5.5 8.7
5.5 8.8
5.5 8.9
5.9 8.4
5.6 8
5.6 8.1
5.6 8.2
5.6 8.3
5.6 8.4
5.6 8.5
5.6 8.6
5.6 8.7
5.6 8.8
5.6 8.9
5.9 8.3
5.7 8
5.7 8.1
5.7 8.2
5.7 8.3
5.7 8.4
5.7 8.5
5.7 8.6
5.7 8.7
5.7 8.8
5.7 8.9
5.9 8.2
5.8 8
5.8 8.1
5.8 8.2
5.8 8.3
5.8 8.4
5.8 8.5
5.8 8.6
5.8 8.7
5.8 8.8
5.8 8.9
5.9 8.1
5.9 8
5 9
5 9.1
5 9.2
5 9.3
5 9.4
5 9.5
5 9.6
5 9.7
5 9.8
5 9.9
5 10
5.1 9
5.1 9.1
5.1 9.2
5.1 9.3
5.1 9.4
5.1 9.5
5.1 9.6
5.1 9.7
5.1 9.8
5.1 9.9
5.1 10
5.2 9
5.2 9.1
5.2 9.2
5.2 9.3
5.2 9.4
5.2 9.5
5.2 9.6
5.2 9.7
5.2 9.8
5.2 9.9
5.2 10
5.3 9
5.3 9.1
5.3 9.2
5.3 9.3
5.3 9.4
5.3 9.5
5.3 9.6
5.3 9.7
5.3 9.8
5.3 9.9
5.3 10
5.4 9
5.4 9.1
5.4 9.2
5.4 9.3
5.4 9.4
5.4 9.5
5.4 9.6
5.4 9.7
5.4 9.8
5.4 9.9
5.4 10
5.5 9
5.5 9.1
5.5 9.2
5.5 9.3
5.5 9.4
5.5 9.5
5.5 9.6
5.5 9.7
5.5 9.8
5.5 9.9
5.5 10
5.6 9
5.6 9.1
5.6 9.2
5.6 9.3
5.6 9.4
5.6 9.5
5.6 9.6
5.6 9.7
5.6 9.8
5.6 9.9
5.6 10
5.7 9
5.7 9.1
5.7 9.2
5.7 9.3
5.7 9.4
5.7 9.5
5.7 9.6
5.7 9.7
5.7 9.8
5.7 9.9
5.7 10
5.8 9
5.8 9.1
5.8 9.2
5.8 9.3
5.8 9.4
5.8 9.5
5.8 9.6
5.8 9.7
5.8 9.8
5.8 9.9
5.8 10
5.9 9
5.9 9.1
5.9 9.2
5.9 9.3
5.9 9.4
5.9 9.5
5.9 9.6
5.9 9.7
5.9 9.8
5.9 9.9
5.9 10
6 0
6 0.1
6 0.2
6 0.3
6 0.4
6 0.5
6 0.6
6 0.7
6 0.8
6 0.9
6.9 0.9
6.1 0
6.1 0.1
6.1 0.2
6.1 0.3
6.1 0.4
6.1 0.5
6.1 0.6
6.1 0.7
6.1 0.8
6.1 0.9
6.9 0.8
6.2 0
6.2 0.1
6.2 0.2
6.2 0.3
6.2 0.4
6.2 0.5
6.2 0.6
6.2 0.7
6.2 0.8
6.2 0.9
6.9 0.7
6.3 0
6.3 0.1
6.3 0.2
6.3 0.3
6.3 0.4
6.3 0.5
6.3 0.6
6.3 0.7
6.3 0.8
6.3 0.9
6.9 0.6
6.4 0
6.4 0.1
6.4 0.2
6.4 0.3
6.4 0.4
6.4 0.5
6.4 0.6
6.4 0.7
6.4 0.8
6.4 0.9
6.9 0.5
6.5 0
6.5 0.1
6.5 0.2
6.5 0.3
6.5 0.4
6.5 0.5
6.5 0.6
6.5 0.7
6.5 0.8
6.5 0.9
6.9 0.4
6.6 0
6.6 0.1
6.6 0.2
6.6 0.3
6.6 0.4
6.6 0.5
6.6 0.6
6.6 0.7
6.6 0.8
6.6 0.9
6.9 0.3
6.7 0
6.7 0.1
6.7 0.2
6.7 0.3
6.7 0.4
6.7 0.5
6.7 0.6
6.7 0.7
6.7 0.8
6.7 0.9
6.9 0.2
6.8 0
6.8 0.1
6.8 0.2
6.8 0.3
6.8 0.4
6.8 0.5
6.8 0.6
6.8 0.7
6.8 0.8
6.8 0.9
6.9 0.1
6.9 0
6 1
6 1.1
6 1.2
6 1.3
6 1.4
6 1.5
6 1.6
6 1.7
6 1.8
6 1.9
6.9 1.9
6.1 1
6.1 1.1
6.1 1.2
6.1 1.3
6.1 1.4
6.1 1.5
6.1 1.6
6.1 1.7
6.1 1.8
6.1 1.9
6.9 1.8
6.2 1
6.2 1.1
6.2 1.2
6.2 1.3
6.2 1.4
6.2 1.5
6.2 1.6
6.2 1.7
6.2 1.8
6.2 1.9
6.9 1.7
6.3 1
6.3 1.1
6.3 1.2
6.3 1.3
6.3 1.4
6.3 1.5
6.3 1.6
6.3 1.7
6.3 1.8
6.3 1.9
6.9 1.6
6.4 1
6.4 1.1
6.4 1.2
6.4 1.3
6.4 1.4
6.4 1.5
6.4 1.6
6.4 1.7
6.4 1.8
6.4 1.9
6.9 1.5
6.5 1
6.5 1.1
6.5 1.2
6.5 1.3
6.5 1.4
6.5 1.5
6.5 1.6
6.5 1.7
6.5 1.8
6.5 1.9
6.9 1.4
6.6 1
6.6 1.1
6.6 1.2
6.6 1.3
6.6 1.4
6.6 1.5
6.6 1.6
6.6 1.7
6.6 1.8
6.6 1.9
6.9 1.3
6.7 1
6.7 1.1
6.7 1.2
6.7 1.3
6.7 1.4
6.7 1.5
6.7 1.6
6.7 1.7
6.7 1.8
6.7 1.9
6.9 1.2
6.8 1
6.8 1.1
6.8 1.2
6.8 1.3
6.8 1.4
6.8 1.5
6.8 1.6
6.8 1.7
6.8 1.8
6.8 1.9
6.9 1.1
6.9 1
6 2
6 2.1
6 2.2
6 2.3
6 2.4
6 2.5
6 2.6
6 2.7
6 2.8
6 2.9
6.9 2.9
6.1 2
6.1 2.1
6.1 2.2
6.1 2.3
6.1 2.4
6.1 2.5
6.1 2.6
6.1 2.7
6.1 2.8
6.1 2.9
6.9 2.8
6.2 2
6.2 2.1
6.2 2.2
6.2 2.3
6.2 2.4
6.2 2.5
6.2 2.6
6.2 2.7
6.2 2.8
6.2 2.9
6.9 2.7
6.3 2
6.3 2.1
6.3 2.2
6.3 2.3
6.3 2.4
6.3 2.5
6.3 2.6
6.3 2.7
6.3 2.8
6.3 2.9
6.9 2.6
6.4 2
6.4 2.1
6.4 2.2
6.4 2.3
6.4 2.4
6.4 2.5
6.4 2.6
6.4 2.7
6.4 2.8
6.4 2.9
6.9 2.5
6.5 2
6.5 2.1
6.5 2.2
6.5 2.3
6.5 2.4
6.5 2.5
6.5 2.6
6.5 2.7
6.5 2.8
6.5 2.9
6.9 2.4
6.6 2
6.6 2.1
6.6 2.2
6.6 2.3
6.6 2.4
6.6 2.5
6.6 2.6
6.6 2.7
6.6 2.8
6.6 2.9
6.9 2.3
6.7 2
6.7 2.1
6.7 2.2
6.7 2.3
6.7 2.4
6.7 2.5
6.7 2.6
6.7 2.7
6.7 2.8
6.7 2.9
6.9 2.2
6.8 2
6.8 2.1
6.8 2.2
6.8 2.3
6.8 2.4
6.8 2.5
6.8 2.6
6.8 2.7
6.8 2.8
6.8 2.9
6.9 2.1
6.9 2
6 3
6 3.1
6 3.2
6 3.3
6 3.4
6 3.5
6 3.6
6 3.7
6 3.8
6 3.9
6.9 3.9
6.1 3
6.1 3.1
6.1 3.2
6.1 3.3
6.1 3.4
6.1 3.5
6.1 3.6
6.1 3.7
6.1 3.8
6.1 3.9
6.9 3.8
6.2 3
6.2 3.1
6.2 3.2
6.2 3.3
6.2 3.4
6.2 3.5
6.2 3.6
6.2 3.7
6.2 3.8
6.2 3.9
6.9 3.7
6.3 3
6.3 3.1
6.3 3.2
6.3 3.3
6.3 3.4
6.3 3.5
6.3 3.6
6.3 3.7
6.3 3.8
6.3 3.9
6.9 3.6
6.4 3
6.4 3.1
6.4 3.2
6.4 3.3
6.4 3.4
6.4 3.5
6.4 3.6
6.4 3.7
6.4 3.8
6.4 3.9
6.9 3.5
6.5 3
6.5 3.1
6.5 3.2
6.5 3.3
6.5 3.4
6.5 3.5
6.5 3.6
6.5 3.7
6.5 3.8
6.5 3.9
6.9 3.4
6.6 3
6.6 3.1
6.6 3.2
6.6 3.3
6.6 3.4
6.6 3.5
6.6 3.6
6.6 3.7
6.6 3.8
6.6 3.9
6.9 3.3
6.7 3
6.7 3.1
6.7 3.2
6.7 3.3
6.7 3.4
6.7 3.5
6.7 3.6
6.7 3.7
6.7 3.8
6.7 3.9
6.9 3.2
6.8 3
6.8 3.1
6.8 3.2
6.8 3.3
6.8 3.4
6.8 3.5
6.8 3.6
6.8 3.7
6.8 3.8
6.8 3.9
6.9 3.1
6.9 3
6 4
6 4.1
6 4.2
6 4.3
6 4.4
6 4.5
6 4.6
6 4.7
6 4.8
6 4.9
6.9 4.9
6.1 4
6.1 4.1
6.1 4.2
6.1 4.3
6.1 4.4
6.1 4.5
6.1 4.6
6.1 4.7
6.1 4.8
6.1 4.9
6.9 4.8
6.2 4
6.2 4.1
6.2 4.2
6.2 4.3
6.2 4.4
6.2 4.5
6.2 4.6
6.2 4.7
6.2 4.8
6.2 4.9
6.9 4.7
6.3 4
6.3 4.1
6.3 4.2
6.3 4.3
6.3 4.4
6.3 4.5
6.3 4.6
6.3 4.7
6.3 4.8
6.3 4.9
6.9 4.6
6.4 4
6.4 4.1
6.4 4.2
6.4 4.3
6.4 4.4
6.4 4.5
6.4 4.6
6.4 4.7
6.4 4.8
6.4 4.9
6.9 4.5
6.5 4
6.5 4.1
6.5 4.2
6.5 4.3
6.5 4.4
6.5 4.5
6.5 4.6
6.5 4.7
6.5 4.8
6.5 4.9
6.9 4.4
6.6 4
6.6 4.1
6.6 4.2
6.6 4.3
6.6 4.4
6.6 4.5
6.6 4.6
6.6 4.7
6.6 4.8
6.6 4.9
6.9 4.3
6.7 4
6.7 4.1
6.7 4.2
6.7 4.3
6.7 4.4
6.7 4.5
6.7 4.6
6.7 4.7
6.7 4.8
6.7 4.9
6.9 4.2
6.8 4
6.8 4.1
6.8 4.2
6.8 4.3
6.8 4.4
6.8 4.5
6.8 4.6
6.8 4.7
6.8 4.8
6.8 4.9
6.9 4.1
6.9 4
6 5
6 5.1
6 5.2
6 5.3
6 5.4
6 5.5
6 5.6
6 5.7
6 5.8
6 5.9
6.9 5.9
6.1 5
6.1 5.1
6.1 5.2
6.1 5.3
6.1 5.4
6.1 5.5
6.1 5.6
6.1 5.7
6.1 5.8
6.1 5.9
6.9 5.8
6.2 5
6.2 5.1
6.2 5.2
6.2 5.3
6.2 5.4
6.2 5.5
6.2 5.6
6.2 5.7
6.2 5.8
6.2 5.9
6.9 5.7
6.3 5
6.3 5.1
6.3 5.2
6.3 5.3
6.3 5.4
6.3 5.5
6.3 5.6
6.3 5.7
6.3 5.8
6.3 5.9
6.9 5.6
6.4 5
6.4 5.1
6.4 5.2
6.4 5.3
6.4 5.4
6.4 5.5
6.4 5.6
6.4 5.7
6.4 5.8
6.4 5.9
6.9 5.5
6.5 5
6.5 5.1
6.5 5.2
6.5 5.3
6.5 5.4
6.5 5.5
6.5 5.6
6.5 5.7
6.5 5.8
6.5 5.9
6.9 5.4
6.6 5
6.6 5.1
6.6 5.2
6.6 5.3
6.6 5.4
6.6 5.5
6.6 5.6
6.6 5.7
6.6 5.8
6.6 5.9
6.9 5.3
6.7 5
6.7 5.1
6.7 5.2
6.7 5.3
6.7 5.4
6.7 5.5
6.7 5.6
6.7 5.7
6.7 5.8
6.7 5.9
6.9 5.2
6.8 5
6.8 5.1
6.8 5.2
6.8 5.3
6.8 5.4
6.8 5.5
6.8 5.6
6.8 5.7
6.8 5.8
6.8 5.9
6.9 5.1
6.9 5
6 6
6 6.1
6 6.2
6 6.3
6 6.4
6 6.5
6 6.6
6 6.7
6 6.8
6 6.9
6.9 6.9
6.1 6
6.1 6.1
6.1 6.2
6.1 6.3
6.1 6.4
6.1 6.5
6.1 6.6
6.1 6.7
6.1 6.8
6.1 6.9
6.9 6.8
6.2 6
6.2 6.1
6.2 6.2
6.2 6.3
6.2 6.4
6.2 6.5
6.2 6.6
6.2 6.7
6.2 6.8
6.2 6.9
6.9 6.7
6.3 6
6.3 6.1
6.3 6.2
6.3 6.3
6.3 6.4
6.3 6.5
6.3 6.6
6.3 6.7
6.3 6.8
6.3 6.9
6.9 6.6
6.4 6
6.4 6.1
6.4 6.2
6.4 6.3
6.4 6.4
6.4 6.5
6.4 6.6
6.4 6.7
6.4 6.8
6.4 6.9
6.9 6.5
6.5 6
6.5 6.1
6.5 6.2
6.5 6.3
6.5 6.4
6.5 6.5
6.5 6.6
6.5 6.7
6.5 6.8
6.5 6.9
6.9 6.4
6.6 6
6.6 6.1
6.6 6.2
6.6 6.3
6.6 6.4
6.6 6.5
6.6 6.6
6.6 6.7
6.6 6.8
6.6 6.9
6.9 6.3
6.7 6
6.7 6.1
6.7 6.2
6.7 6.3
6.7 6.4
6.7 6.5
6.7 6.6
6.7 6.7
6.7 6.8
6.7 6.9
6.9 6.2
6.8 6
6.8 6.1
6.8 6.2
6.8 6.3
6.8 6.4
6.8 6.5
6.8 6.6
6.8 6.7
6.8 6.8
6.8 6.9
6.9 6.1
6.9 6
6 7
6 7.1
6 7.2
6 7.3
6 7.4
6 7.5
6 7.6
6 7.7
6 7.8
6 7.9
6.9 7.9
6.1 7
6.1 7.1
6.1 7.2
6.1 7.3
6.1 7.4
6.1 7.5
6.1 7.6
6.1 7.7
6.1 7.8
6.1 7.9
6.9 7.8
6.2 7
6.2 7.1
6.2 7.2
6.2 7.3
6.2 7.4
6.2 7.5
6.2 7.6
6.2 7.7
6.2 7.8
6.2 7.9
6.9 7.7
6.3 7
6.3 7.1
6.3 7.2
6.3 7.3
6.3 7.4
6.3 7.5
6.3 7.6
6.3 7.7
6.3 7.8
6.3 7.9
6.9 7.6
6.4 7
6.4 7.1
6.4 7.2
6.4 7.3
6.4 7.4
6.4 7.5
6.4 7.6
6.4 7.7
6.4 7.8
6.4 7.9
6.9 7.5
6.5 7
6.5 7.1
6.5 7.2
6.5 7.3
6.5 7.4
6.5 7.5
6.5 7.6
6.5 7.7
6.5 7.8
6.5 7.9
6.9 7.4
6.6 7
6.6 7.1
6.6 7.2
6.6 7.3
6.6 7.4
6.6 7.5
6.6 7.6
6.6 7.7
6.6 7.8
6.6 7.9
6.9 7.3
6.7 7
6.7 7.1
6.7 7.2
6.7 7.3
6.7 7.4
6.7 7.5
6.7 7.6
6.7 7.7
6.7 7.8
6.7 7.9
6.9 7.2
6.8 7
6.8 7.1
6.8 7.2
6.8 7.3
6.8 7.4
6.8 7.5
6.8 7.6
6.8 7.7
6.8 7.8
6.8 7.9
6.9 7.1
6.9 7
6 8
6 8.1
6 8.2
6 8.3
6 8.4
6 8.5
6 8.6
6 8.7
6 8.8
6 8.9
6.9 8.9
6.1 8
6.1 8.1
6.1 8.2
6.1 8.3
6.1 8.4
6.1 8.5
6.1 8.6
6.1 8.7
6.1 8.8
6.1 8.9
6.9 8.8
6.2 8
6.2 8.1
6.2 8.2
6.2 8.3
6.2 8.4
6.2 8.5
6.2 8.6
6.2 8.7
6.2 8.8
6.2 8.9
6.9 8.7
6.3 8
6.3 8.1
6.3 8.2
6.3 8.3
6.3 8.4
6.3 8.5
6.3 8.6
6.3 8.7
6.3 8.8
6.3 8.9
6.9 8.6
6.4 8
6.4 8.1
6.4 8.2
6.4 8.3
6.4 8.4
6.4 8.5
6.4 8.6
6.4 8.7
6.4 8.8
6.4 8.9
6.9 8.5
6.5 8
6.5 8.1
6.5 8.2
6.5 8.3
6.5 8.4
6.5 8.5
6.5 8.6
6.5 8.7
6.5 8.8
6.5 8.9
6.9 8.4
6.6 8
6.6 8.1
6.6 8.2
6.6 8.3
6.6 8.4
6.6 8.5
6.6 8.6
6.6 8.7
6.6 8.8
6.6 8.9
6.9 8.3
6.7 8
6.7 8.1
6.7 8.2
6.7 8.3
6.7 8.4
6.7 8.5
6.7 8.6
6.7 8.7
6.7 8.8
6.7 8.9
6.9 8.2
6.8 8
6.8 8.1
6.8 8.2
6.8 8.3
6.8 8.4
6.8 8.5
6.8 8.6
6.8 8.7
6.8 8.8
6.8 8.9
6.9 8.1
6.9 8
6 9
6 9.1
6 9.2
6 9.3
6 9.4
6 9.5
6 9.6
6 9.7
6 9.8
6 9.9
6 10
6.1 9
6.1 9.1
6.1 9.2
6.1 9.3
6.1 9.4
6.1 9.5
6.1 9.6
6.1 9.7
6.1 9.8
6.1 9.9
6.1 10
6.2 9
6.2 9.1
6.2 9.2
6.2 9.3
6.2 9.4
6.2 9.5
6.2 9.6
6.2 9.7
6.2 9.8
6.2 9.9
6.2 10
6.3 9
6.3 9.1
6.3 9.2
6.3 9.3
6.3 9.4
6.3 9.5
6.3 9.6
6.3 9.7
6.3 9.8
6.3 9.9
6.3 10
6.4 9
6.4 9.1
6.4 9.2
6.4 9.3
6.4 9.4
6.4 9.5
6.4 9.6
6.4 9.7
6.4 9.8
6.4 9.9
6.4 10
6.5 9
6.5 9.1
6.5 9.2
6.5 9.3
6.5 9.4
6.5 9.5
6.5 9.6
6.5 9.7
6.5 9.8
6.5 9.9
6.5 10
6.6 9
6.6 9.1
6.6 9.2
6.6 9.3
6.6 9.4
6.6 9.5
6.6 9.6
6.6 9.7
6.6 9.8
6.6 9.9
6.6 10
6.7 9
6.7 9.1
6.7 9.2
6.7 9.3
6.7 9.4
6.7 9.5
6.7 9.6
6.7 9.7
6.7 9.8
6.7 9.9
6.7 10
6.8 9
6.8 9.1
6.8 9.2
6.8 9.3
6.8 9.4
6.8 9.5
6.8 9.6
6.8 9.7
6.8 9.8
6.8 9.9
6.8 10
6.9 9
6.9 9.1
6.9 9.2
6.9 9.3
6.9 9.4
6.9 9.5
6.9 9.6
6.9 9.7
6.9 9.8
6.9 9.9
6.9 10
7 0
7 0.1
7 0.2
7 0.3
7 0.4
7 0.5
7 0.6
7 0.7
7 0.8
7 0.9
7.9 0.9
7.1 0
7.1 0.1
7.1 0.2
7.1 0.3
7.1 0.4
7.1 0.5
7.1 0.6
7.1 0.7
7.1 0.8
7.1 0.9
7.9 0.8
7.2 0
7.2 0.1
7.2 0.2
7.2 0.3
7.2 0.4
7.2 0.5
7.2 0.6
7.2 0.7
7.2 0.8
7.2 0.9
7.9 0.7
7.3 0
7.3 0.1
7.3 0.2
7.3 0.3
7.3 0.4
7.3 0.5
7.3 0.6
7.3 0.7
7.3 0.8
7.3 0.9
7.9 0.6
7.4 0
7.4 0.1
7.4 0.2
7.4 0.3
7.4 0.4
7.4 0.5
7.4 0.6
7.4 0.7
7.4 0.8
7.4 0.9
7.9 0.5
7.5 0
7.5 0.1
7.5 0.2
7.5 0.3
7.5 0.4
7.5 0.5
7.5 0.6
7.5 0.7
7.5 0.8
7.5 0.9
7.9 0.4
7.6 0
7.6 0.1
7.6 0.2
7.6 0.3
7.6 0.4
7.6 0.5
7.6 0.6
7.6 0.7
7.6 0.8
7.6 0.9
7.9 0.3
7.7 0
7.7 0.1
7.7 0.2
7.7 0.3
7.7 0.4
7.7 0.5
7.7 0.6
7.7 0.7
7.7 0.8
7.7 0.9
7.9 0.2
7.8 0
7.8 0.1
7.8 0.2
7.8 0.3
7.8 0.4
7.8 0.5
7.8 0.6
7.8 0.7
7.8 0.8
7.8 0.9
7.9 0.1
7.9 0
7 1
7 1.1
7 1.2
7 1.3
7 1.4
7 1.5
7 1.6
7 1.7
7 1.8
7 1.9
7.9 1.9
7.1 1
7.1 1.1
7.1 1.2
7.1 1.3
7.1 1.4
7.1 1.5
7.1 1.6
7.1 1.7
7.1 1.8
7.1 1.9
7.9 1.8
7.2 1
7.2 1.1
7.2 1.2
7.2 1.3
7.2 1.4
7.2 1.5
7.2 1.6
7.2 1.7
7.2 1.8
7.2 1.9
7.9 1.7
7.3 1
7.3 1.1
7.3 1.2
7.3 1.3
7.3 1.4
7.3 1.5
7.3 1.6
7.3 1.7
7.3 1.8
7.3 1.9
7.9 1.6
7.4 1
7.4 1.1
7.4 1.2
7.4 1.3
7.4 1.4
7.4 1.5
7.4 1.6
7.4 1.7
7.4 1.8
7.4 1.9
7.9 1.5
7.5 1
7.5 1.1
7.5 1.2
7.5 1.3
7.5 1.4
7.5 1.5
7.5 1.6
7.5 1.7
7.5 1.8
7.5 1.9
7.9 1.4
7.6 1
7.6 1.1
7.6 1.2
7.6 1.3
7.6 1.4
7.6 1.5
7.6 1.6
7.6 1.7
7.6 1.8
7.6 1.9
7.9 1.3
7.7 1
7.7 1.1
7.7 1.2
7.7 1.3
7.7 1.4
7.7 1.5
7.7 1.6
7.7 1.7
7.7 1.8
7.7 1.9
7.9 1.2
7.8 1
7.8 1.1
7.8 1.2
7.8 1.3
7.8 1.4
7.8 1.5
7.8 1.6
7.8 1.7
7.8 1.8
7.8 1.9
7.9 1.1
7.9 1
7 2
7 2.1
7 2.2
7 2.3
7 2.4
7 2.5
7 2.6
7 2.7
7 2.8
7 2.9
7.9 2.9
7.1 2
7.1 2.1
7.1 2.2
7.1 2.3
7.1 2.4
7.1 2.5
7.1 2.6
7.1 2.7
7.1 2.8
7.1 2.9
7.9 2.8
7.2 2
7.2 2.1
7.2 2.2
7.2 2.3
7.2 2.4
7.2 2.5
7.2 2.6
7.2 2.7
7.2 2.8
7.2 2.9
7.9 2.7
7.3 2
7.3 2.1
7.3 2.2
7.3 2.3
7.3 2.4
7.3 2.5
7.3 2.6
7.3 2.7
7.3 2.8
7.3 2.9
7.9 2.6
7.4 2
7.4 2.1
7.4 2.2
7.4 2.3
7.4 2.4
7.4 2.5
7.4 2.6
7.4 2.7
7.4 2.8
7.4 2.9
7.9 2.5
7.5 2
7.5 2.1
7.5 2.2
7.5 2.3
7.5 2.4
7.5 2.5
7.5 2.6
7.5 2.7
7.5 2.8
7.5 2.9
7.9 2.4
7.6 2
7.6 2.1
7.6 2.2
7.6 2.3
7.6 2.4
7.6 2.5
7.6 2.6
7.6 2.7
7.6 2.8
7.6 2.9
7.9 2.3
7.7 2
7.7 2.1
7.7 2.2
7.7 2.3
7.7 2.4
7.7 2.5
7.7 2.6
7.7 2.7
7.7 2.8
7.7 2.9
7.9 2.2
7.8 2
7.8 2.1
7.8 2.2
7.8 2.3
7.8 2.4
7.8 2.5
7.8 2.6
7.8 2.7
7.8 2.8
7.8 2.9
7.9 2.1
7.9 2
7 3
7 3.1
7 3.2
7 3.3
7 3.4
7 3.5
7 3.6
7 3.7
7 3.8
7 3.9
7.9 3.9
7.1 3
7.1 3.1
7.1 3.2
7.1 3.3
7.1 3.4
7.1 3.5
7.1 3.6
7.1 3.7
7.1 3.8
7.1 3.9
7.9 3.8
7.2 3
7.2 3.1
7.2 3.2
7.2 3.3
7.2 3.4
7.2 3.5
7.2 3.6
7.2 3.7
7.2 3.8
7.2 3.9
7.9 3.7
7.3 3
7.3 3.1
7.3 3.2
7.3 3.3
7.3 3.4
7.3 3.5
7.3 3.6
7.3 3.7
7.3 3.8
7.3 3.9
7.9 3.6
7.4 3
7.4 3.1
7.4 3.2
7.4 3.3
7.4 3.4
7.4 3.5
7.4 3.6
7.4 3.7
7.4 3.8
7.4 3.9
7.9 3.5
7.5 3
7.5 3.1
7.5 3.2
7.5 3.3
7.5 3.4
7.5 3.5
7.5 3.6
7.5 3.7
7.5 3.8
7.5 3.9
7.9 3.4
7.6 3
7.6 3.1
7.6 3.2
7.6 3.3
7.6 3.4
7.6 3.5
7.6 3.6
7.6 3.7
7.6 3.8
7.6 3.9
7.9 3.3
7.7 3
7.7 3.1
7.7 3.2
7.7 3.3
7.7 3.4
7.7 3.5
7.7 3.6
7.7 3.7
7.7 3.8
7.7 3.9
7.9 3.2
7.8 3
7.8 3.1
7.8 3.2
7.8 3.3
7.8 3.4
7.8 3.5
7.8 3.6
7.8 3.7
7.8 3.8
7.8 3.9
7.9 3.1
7.9 3
7 4
7 4.1
7 4.2
7 4.3
7 4.4
7 4.5
7 4.6
7 4.7
7 4.8
7 4.9
7.9 4.9
7.1 4
7.1 4.1
7.1 4.2
7.1 4.3
7.1 4.4
7.1 4.5
7.1 4.6
7.1 4.7
7.1 4.8
7.1 4.9
7.9 4.8
7.2 4
7.2 4.1
7.2 4.2
7.2 4.3
7.2 4.4
7.2 4.5
7.2 4.6
7.2 4.7
7.2 4.8
7.2 4.9
7.9 4.7
7.3 4
7.3 4.1
7.3 4.2
7.3 4.3
7.3 4.4
7.3 4.5
7.3 4.6
7.3 4.7
7.3 4.8
7.3 4.9
7.9 4.6
7.4 4
7.4 4.1
7.4 4.2
7.4 4.3
7.4 4.4
7.4 4.5
7.4 4.6
7.4 4.7
7.4 4.8
7.4 4.9
7.9 4.5
7.5 4
7.5 4.1
7.5 4.2
7.5 4.3
7.5 4.4
7.5 4.5
7.5 4.6
7.5 4.7
7.5 4.8
7.5 4.9
7.9 4.4
7.6 4
7.6 4.1
7.6 4.2
7.6 4.3
7.6 4.4
7.6 4.5
7.6 4.6
7.6 4.7
7.6 4.8
7.6 4.9
7.9 4.3
7.7 4
7.7 4.1
7.7 4.2
7.7 4.3
7.7 4.4
7.7 4.5
7.7 4.6
7.7 4.7
7.7 4.8
7.7 4.9
7.9 4.2
7.8 4
7.8 4.1
7.8 4.2
7.8 4.3
7.8 4.4
7.8 4.5
7.8 4.6
7.8 4.7
7.8 4.8
7.8 4.9
7.9 4.1
7.9 4
7 5
7 5.1
7 5.2
7 5.3
7 5.4
7 5.5
7 5.6
7 5.7
7 5.8
7 5.9
7.9 5.9
7.1 5
7.1 5.1
7.1 5.2
7.1 5.3
7.1 5.4
7.1 5.5
7.1 5.6
7.1 5.7
7.1 5.8
7.1 5.9
7.9 5.8
7.2 5
7.2 5.1
7.2 5.2
7.2 5.3
7.2 5.4
7.2 5.5
7.2 5.6
7.2 5.7
7.2 5.8
7.2 5.9
7.9 5.7
7.3 5
7.3 5.1
7.3 5.2
7.3 5.3
7.3 5.4
7.3 5.5
7.3 5.6
7.3 5.7
7.3 5.8
7.3 5.9
7.9 5.6
7.4 5
7.4 5.1
7.4 5.2
7.4 5.3
7.4 5.4
7.4 5.5
7.4 5.6
7.4 5.7
7.4 5.8
7.4 5.9
7.9 5.5
7.5 5
7.5 5.1
7.5 5.2
7.5 5.3
7.5 5.4
7.5 5.5
7.5 5.6
7.5 5.7
7.5 5.8
7.5 5.9
7.9 5.4
7.6 5
7.6 5.1
7.6 5.2
7.6 5.3
7.6 5.4
7.6 5.5
7.6 5.6
7.6 5.7
7.6 5.8
7.6 5.9
7.9 5.3
7.7 5
7.7 5.1
7.7 5.2
7.7 5.3
7.7 5.4
7.7 5.5
7.7 5.6
7.7 5.7
7.7 5.8
7.7 5.9
7.9 5.2
7.8 5
7.8 5.1
7.8 5.2
7.8 5.3
7.8 5.4
7.8 5.5
7.8 5.6
7.8 5.7
7.8 5.8
7.8 5.9
7.9 5.1
7.9 5
7 6
7 6.1
7 6.2
7 6.3
7 6.4
7 6.5
7 6.6
7 6.7
7 6.8
7 6.9
7.9 6.9
7.1 6
7.1 6.1
7.1 6.2
7.1 6.3
7.1 6.4
7.1 6.5
7.1 6.6
7.1 6.7
7.1 6.8
7.1 6.9
7.9 6.8
7.2 6
7.2 6.1
7.2 6.2
7.2 6.3
7.2 6.4
7.2 6.5
7.2 6.6
7.2 6.7
7.2 6.8
7.2 6.9
7.9 6.7
7.3 6
7.3 6.1
7.3 6.2
7.3 6.3
7.3 6.4
7.3 6.5
7.3 6.6
7.3 6.7
7.3 6.8
7.3 6.9
7.9 6.6
7.4 6
7.4 6.1
7.4 6.2
7.4 6.3
7.4 6.4
7.4 6.5
7.4 6.6
7.4 6.7
7.4 6.8
7.4 6.9
7.9 6.5
7.5 6
7.5 6.1
7.5 6.2
7.5 6.3
7.5 6.4
7.5 6.5
7.5 6.6
7.5 6.7
7.5 6.8
7.5 6.9
7.9 6.4
7.6 6
7.6 6.1
7.6 6.2
7.6 6.3
7.6 6.4
7.6 6.5
7.6 6.6
7.6 6.7
7.6 6.8
7.6 6.9
7.9 6.3
7.7 6
7.7 6.1
7.7 6.2
7.7 6.3
7.7 6.4
7.7 6.5
7.7 6.6
7.7 6.7
7.7 6.8
7.7 6.9
7.9 6.2
7.8 6
7.8 6.1
7.8 6.2
7.8 6.3
7.8 6.4
7.8 6.5
7.8 6.6
7.8 6.7
7.8 6.8
7.8 6.9
7.9 6.1
7.9 6
7 7
7 7.1
7 7.2
7 7.3
7 7.4
7 7.5
7 7.6
7 7.7
7 7.8
7 7.9
7.9 7.9
7.1 7
7.1 7.1
7.1 7.2
7.1 7.3
7.1 7.4
7.1 7.5
7.1 7.6
7.1 7.7
7.1 7.8
7.1 7.9
7.9 7.8
7.2 7
7.2 7.1
7.2 7.2
7.2 7.3
7.2 7.4
7.2 7.5
7.2 7.6
7.2 7.7
7.2 7.8
7.2 7.9
7.9 7.7
7.3 7
7.3 7.1
7.3 7.2
7.3 7.3
7.3 7.4
7.3 7.5
7.3 7.6
7.3 7.7
7.3 7.8
7.3 7.9
7.9 7.6
7.4 7
7.4 7.1
7.4 7.2
7.4 7.3
7.4 7.4
7.4 7.5
7.4 7.6
7.4 7.7
7.4 7.8
7.4 7.9
7.9 7.5
7.5 7
7.5 7.1
7.5 7.2
7.5 7.3
7.5 7.4
7.5 7.5
7.5 7.6
7.5 7.7
7.5 7.8
7.5 7.9
7.9 7.4
7.6 7
7.6 7.1
7.6 7.2
7.6 7.3
7.6 7.4
7.6 7.5
7.6 7.6
7.6 7.7
7.6 7.8
7.6 7.9
7.9 7.3
7.7 7
7.7 7.1
7.7 7.2
7.7 7.3
7.7 7.4
7.7 7.5
7.7 7.6
7.7 7.7
7.7 7.8
7.7 7.9
7.9 7.2
7.8 7
7.8 7.1
7.8 7.2
7.8 7.3
7.8 7.4
7.8 7.5
7.8 7.6
7.8 7.7
7.8 7.8
7.8 7.9
7.9 7.1
7.9 7
7 8
7 8.1
7 8.2
7 8.3
7 8.4
7 8.5
7 8.6
7 8.7
7 8.8
7 8.9
7.9 8.9
7.1 8
7.1 8.1
7.1 8.2
7.1 8.3
7.1 8.4
7.1 8.5
7.1 8.6
7.1 8.7
7.1 8.8
7.1 8.9
7.9 8.8
7.2 8
7.2 8.1
7.2 8.2
7.2 8.3
7.2 8.4
7.2 8.5
7.2 8.6
7.2 8.7
7.2 8.8
7.2 8.9
7.9 8.7
7.3 8
7.3 8.1
7.3 8.2
7.3 8.3
7.3 8.4
7.3 8.5
7.3 8.6
7.3 8.7
7.3 8.8
7.3 8.9
7.9 8.6
7.4 8
7.4 8.1
7.4 8.2
7.4 8.3
7.4 8.4
7.4 8.5
7.4 8.6
7.4 8.7
7.4 8.8
7.4 8.9
7.9 8.5
7.5 8
7.5 8.1
7.5 8.2
7.5 8.3
7.5 8.4
7.5 8.5
7.5 8.6
7.5 8.7
7.5 8.8
7.5 8.9
7.9 8.4
7.6 8
7.6 8.1
7.6 8.2
7.6 8.3
7.6 8.4
7.6 8.5
7.6 8.6
7.6 8.7
7.6 8.8
7.6 8.9
7.9 8.3
7.7 8
7.7 8.1
7.7 8.2
7.7 8.3
7.7 8.4
7.7 8.5
7.7 8.6
7.7 8.7
7.7 8.8
7.7 8.9
7.9 8.2
7.8 8
7.8 8.1
7.8 8.2
7.8 8.3
7.8 8.4
7.8 8.5
7.8 8.6
7.8 8.7
7.8 8.8
7.8 8.9
7.9 8.1
7.9 8
7 9
7 9.1
7 9.2
7 9.3
7 9.4
7 9.5
7 9.6
7 9.7
7 9.8
7 9.9
7 10
7.1 9
7.1 9.1
7.1 9.2
7.1 9.3
7.1 9.4
7.1 9.5
7.1 9.6
7.1 9.7
7.1 9.8
7.1 9.9
7.1 10
7.2 9
7.2 9.1
7.2 9.2
7.2 9.3
7.2 9.4
7.2 9.5
7.2 9.6
7.2 9.7
7.2 9.8
7.2 9.9
7.2 10
7.3 9
7.3 9.1
7.3 9.2
7.3 9.3
7.3 9.4
7.3 9.5
7.3 9.6
7.3 9.7
7.3 9.8
7.3 9.9
7.3 10
7.4 9
7.4 9.1
7.4 9.2
7.4 9.3
7.4 9.4
7.4 9.5
7.4 9.6
7.4 9.7
7.4 9.8
7.4 9.9
7.4 10
7.5 9
7.5 9.1
7.5 9.2
7.5 9.3
7.5 9.4
7.5 9.5
7.5 9.6
7.5 9.7
7.5 9.8
7.5 9.9
7.5 10
7.6 9
7.6 9.1
7.6 9.2
7.6 9.3
7.6 9.4
7.6 9.5
7.6 9.6
7.6 9.7
7.6 9.8
7.6 9.9
7.6 10
7.7 9
7.7 9.1
7.7 9.2
7.7 9.3
7.7 9.4
7.7 9.5
7.7 9.6
7.7 9.7
7.7 9.8
7.7 9.9
7.7 10
7.8 9
7.8 9.1
7.8 9.2
7.8 9.3
7.8 9.4
7.8 9.5
7.8 9.6
7.8 9.7
7.8 9.8
7.8 9.9
7.8 10
7.9 9
7.9 9.1
7.9 9.2
7.9 9.3
7.9 9.4
7.9 9.5
7.9 9.6
7.9 9.7
7.9 9.8
7.9 9.9
7.9 10
8 0
8 0.1
8 0.2
8 0.3
8 0.4
8 0.5
8 0.6
8 0.7
8 0.8
8 0.9
8.9 0.9
8.1 0
8.1 0.1
8.1 0.2
8.1 0.3
8.1 0.4
8.1 0.5
8.1 0.6
8.1 0.7
8.1 0.8
8.1 0.9
8.9 0.8
8.2 0
8.2 0.1
8.2 0.2
8.2 0.3
8.2 0.4
8.2 0.5
8.2 0.6
8.2 0.7
8.2 0.8
8.2 0.9
8.9 0.7
8.3 0
8.3 0.1
8.3 0.2
8.3 0.3
8.3 0.4
8.3 0.5
8.3 0.6
8.3 0.7
8.3 0.8
8.3 0.9
8.9 0.6
8.4 0
8.4 0.1
8.4 0.2
8.4 0.3
8.4 0.4
8.4 0.5
8.4 0.6
8.4 0.7
8.4 0.8
8.4 0.9
8.9 0.5
8.5 0
8.5 0.1
8.5 0.2
8.5 0.3
8.5 0.4
8.5 0.5
8.5 0.6
8.5 0.7
8.5 0.8
8.5 0.9
8.9 0.4
8.6 0
8.6 0.1
8.6 0.2
8.6 0.3
8.6 0.4
8.6 0.5
8.6 0.6
8.6 0.7
8.6 0.8
8.6 0.9
8.9 0.3
8.7 0
8.7 0.1
8.7 0.2
8.7 0.3
8.7 0.4
8.7 0.5
8.7 0.6
8.7 0.7
8.7 0.8
8.7 0.9
8.9 0.2
8.8 0
8.8 0.1
8.8 0.2
8.8 0.3
8.8 0.4
8.8 0.5
8.8 0.6
8.8 0.7
8.8 0.8
8.8 0.9
8.9 0.1
8.9 0
8 1
8 1.1
8 1.2
8 1.3
8 1.4
8 1.5
8 1.6
8 1.7
8 1.8
8 1.9
8.9 1.9
8.1 1
8.1 1.1
8.1 1.2
8.1 1.3
8.1 1.4
8.1 1.5
8.1 1.6
8.1 1.7
8.1 1.8
8.1 1.9
8.9 1.8
8.2 1
8.2 1.1
8.2 1.2
8.2 1.3
8.2 1.4
8.2 1.5
8.2 1.6
8.2 1.7
8.2 1.8
8.2 1.9
8.9 1.7
8.3 1
8.3 1.1
8.3 1.2
8.3 1.3
8.3 1.4
8.3 1.5
8.3 1.6
8.3 1.7
8.3 1.8
8.3 1.9
8.9 1.6
8.4 1
8.4 1.1
8.4 1.2
8.4 1.3
8.4 1.4
8.4 1.5
8.4 1.6
8.4 1.7
8.4 1.8
8.4 1.9
8.9 1.5
8.5 1
8.5 1.1
8.5 1.2
8.5 1.3
8.5 1.4
8.5 1.5
8.5 1.6
8.5 1.7
8.5 1.8
8.5 1.9
8.9 1.4
8.6 1
8.6 1.1
8.6 1.2
8.6 1.3
8.6 1.4
8.6 1.5
8.6 1.6
8.6 1.7
8.6 1.8
8.6 1.9
8.9 1.3
8.7 1
8.7 1.1
8.7 1.2
8.7 1.3
8.7 1.4
8.7 1.5
8.7 1.6
8.7 1.7
8.7 1.8
8.7 1.9
8.9 1.2
8.8 1
8.8 1.1
8.8 1.2
8.8 1.3
8.8 1.4
8.8 1.5
8.8 1.6
8.8 1.7
8.8 1.8
8.8 1.9
8.9 1.1
8.9 1
8 2
8 2.1
8 2.2
8 2.3
8 2.4
8 2.5
8 2.6
8 2.7
8 2.8
8 2.9
8.9 2.9
8.1 2
8.1 2.1
8.1 2.2
8.1 2.3
8.1 2.4
8.1 2.5
8.1 2.6
8.1 2.7
8.1 2.8
8.1 2.9
8.9 2.8
8.2 2
8.2 2.1
8.2 2.2
8.2 2.3
8.2 2.4
8.2 2.5
8.2 2.6
8.2 2.7
8.2 2.8
8.2 2.9
8.9 2.7
8.3 2
8.3 2.1
8.3 2.2
8.3 2.3
8.3 2.4
8.3 2.5
8.3 2.6
8.3 2.7
8.3 2.8
8.3 2.9
8.9 2.6
8.4 2
8.4 2.1
8.4 2.2
8.4 2.3
8.4 2.4
8.4 2.5
8.4 2.6
8.4 2.7
8.4 2.8
8.4 2.9
8.9 2.5
8.5 2
8.5 2.1
8.5 2.2
8.5 2.3
8.5 2.4
8.5 2.5
8.5 2.6
8.5 2.7
8.5 2.8
8.5 2.9
8.9 2.4
8.6 2
8.6 2.1
8.6 2.2
8.6 2.3
8.6 2.4
8.6 2.5
8.6 2.6
8.6 2.7
8.6 2.8
8.6 2.9
8.9 2.3
8.7 2
8.7 2.1
8.7 2.2
8.7 2.3
8.7 2.4
8.7 2.5
8.7 2.6
8.7 2.7
8.7 2.8
8.7 2.9
8.9 2.2
8.8 2
8.8 2.1
8.8 2.2
8.8 2.3
8.8 2.4
8.8 2.5
8.8 2.6
8.8 2.7
8.8 2.8
8.8 2.9
8.9 2.1
8.9 2
8 3
8 3.1
8 3.2
8 3.3
8 3.4
8 3.5
8 3.6
8 3.7
8 3.8
8 3.9
8.9 3.9
8.1 3
8.1 3.1
8.1 3.2
8.1 3.3
8.1 3.4
8.1 3.5
8.1 3.6
8.1 3.7
8.1 3.8
8.1 3.9
8.9 3.8
8.2 3
8.2 3.1
8.2 3.2
8.2 3.3
8.2 3.4
8.2 3.5
8.2 3.6
8.2 3.7
8.2 3.8
8.2 3.9
8.9 3.7
8.3 3
8.3 3.1
8.3 3.2
8.3 3.3
8.3 3.4
8.3 3.5
8.3 3.6
8.3 3.7
8.3 3.8
8.3 3.9
8.9 3.6
8.4 3
8.4 3.1
8.4 3.2
8.4 3.3
8.4 3.4
8.4 3.5
8.4 3.6
8.4 3.7
8.4 3.8
8.4 3.9
8.9 3.5
8.5 3
8.5 3.1
8.5 3.2
8.5 3.3
8.5 3.4
8.5 3.5
8.5 3.6
8.5 3.7
8.5 3.8
8.5 3.9
8.9 3.4
8.6 3
8.6 3.1
8.6 3.2
8.6 3.3
8.6 3.4
8.6 3.5
8.6 3.6
8.6 3.7
8.6 3.8
8.6 3.9
8.9 3.3
8.7 3
8.7 3.1
8.7 3.2
8.7 3.3
8.7 3.4
8.7 3.5
8.7 3.6
8.7 3.7
8.7 3.8
8.7 3.9
8.9 3.2
8.8 3
8.8 3.1
8.8 3.2
8.8 3.3
8.8 3.4
8.8 3.5
8.8 3.6
8.8 3.7
8.8 3.8
8.8 3.9
8.9 3.1
8.9 3
8 4
8 4.1
8 4.2
8 4.3
8 4.4
8 4.5
8 4.6
8 4.7
8 4.8
8 4.9
8.9 4.9
8.1 4
8.1 4.1
8.1 4.2
8.1 4.3
8.1 4.4
8.1 4.5
8.1 4.6
8.1 4.7
8.1 4.8
8.1 4.9
8.9 4.8
8.2 4
8.2 4.1
8.2 4.2
8.2 4.3
8.2 4.4
8.2 4.5
8.2 4.6
8.2 4.7
8.2 4.8
8.2 4.9
8.9 4.7
8.3 4
8.3 4.1
8.3 4.2
8.3 4.3
8.3 4.4
8.3 4.5
8.3 4.6
8.3 4.7
8.3 4.8
8.3 4.9
8.9 4.6
8.4 4
8.4 4.1
8.4 4.2
8.4 4.3
8.4 4.4
8.4 4.5
8.4 4.6
8.4 4.7
8.4 4.8
8.4 4.9
8.9 4.5
8.5 4
8.5 4.1
8.5 4.2
8.5 4.3
8.5 4.4
8.5 4.5
8.5 4.6
8.5 4.7
8.5 4.8
8.5 4.9
8.9 4.4
8.6 4
8.6 4.1
8.6 4.2
8.6 4.3
8.6 4.4
8.6 4.5
8.6 4.6
8.6 4.7
8.6 4.8
8.6 4.9
8.9 4.3
8.7 4
8.7 4.1
8.7 4.2
8.7 4.3
8.7 4.4
8.7 4.5
8.7 4.6
8.7 4.7
8.7 4.8
8.7 4.9
8.9 4.2
8.8 4
8.8 4.1
8.8 4.2
8.8 4.3
8.8 4.4
8.8 4.5
8.8 4.6
8.8 4.7
8.8 4.8
8.8 4.9
8.9 4.1
8.9 4
8 5
8 5.1
8 5.2
8 5.3
8 5.4
8 5.5
8 5.6
8 5.7
8 5.8
8 5.9
8.9 5.9
8.1 5
8.1 5.1
8.1 5.2
8.1 5.3
8.1 5.4
8.1 5.5
8.1 5.6
8.1 5.7
8.1 5.8
8.1 5.9
8.9 5.8
8.2 5
8.2 5.1
8.2 5.2
8.2 5.3
8.2 5.4
8.2 5.5
8.2 5.6
8.2 5.7
8.2 5.8
8.2 5.9
8.9 5.7
8.3 5
8.3 5.1
8.3 5.2
8.3 5.3
8.3 5.4
8.3 5.5
8.3 5.6
8.3 5.7
8.3 5.8
8.3 5.9
8.9 5.6
8.4 5
8.4 5.1
8.4 5.2
8.4 5.3
8.4 5.4
8.4 5.5
8.4 5.6
8.4 5.7
8.4 5.8
8.4 5.9
8.9 5.5
8.5 5
8.5 5.1
8.5 5.2
8.5 5.3
8.5 5.4
8.5 5.5
8.5 5.6
8.5 5.7
8.5 5.8
8.5 5.9
8.9 5.4
8.6 5
8.6 5.1
8.6 5.2
8.6 5.3
8.6 5.4
8.6 5.5
8.6 5.6
8.6 5.7
8.6 5.8
8.6 5.9
8.9 5.3
8.7 5
8.7 5.1
8.7 5.2
8.7 5.3
8.7 5.4
8.7 5.5
8.7 5.6
8.7 5.7
8.7 5.8
8.7 5.9
8.9 5.2
8.8 5
8.8 5.1
8.8 5.2
8.8 5.3
8.8 5.4
8.8 5.5
8.8 5.6
8.8 5.7
8.8 5.8
8.8 5.9
8.9 5.1
8.9 5
8 6
8 6.1
8 6.2
8 6.3
8 6.4
8 6.5
8 6.6
8 6.7
8 6.8
8 6.9
8.9 6.9
8.1 6
8.1 6.1
8.1 6.2
8.1 6.3
8.1 6.4
8.1 6.5
8.1 6.6
8.1 6.7
8.1 6.8
8.1 6.9
8.9 6.8
8.2 6
8.2 6.1
8.2 6.2
8.2 6.3
8.2 6.4
8.2 6.5
8.2 6.6
8.2 6.7
8.2 6.8
8.2 6.9
8.9 6.7
8.3 6
8.3 6.1
8.3 6.2
8.3 6.3
8.3 6.4
8.3 6.5
8.3 6.6
8.3 6.7
8.3 6.8
8.3 6.9
8.9 6.6
8.4 6
8.4 6.1
8.4 6.2
8.4 6.3
8.4 6.4
8.4 6.5
8.4 6.6
8.4 6.7
8.4 6.8
8.4 6.9
8.9 6.5
8.5 6
8.5 6.1
8.5 6.2
8.5 6.3
8.5 6.4
8.5 6.5
8.5 6.6
8.5 6.7
8.5 6.8
8.5 6.9
8.9 6.4
8.6 6
8.6 6.1
8.6 6.2
8.6 6.3
8.6 6.4
8.6 6.5
8.6 6.6
8.6 6.7
8.6 6.8
8.6 6.9
8.9 6.3
8.7 6
8.7 6.1
8.7 6.2
8.7 6.3
8.7 6.4
8.7 6.5
8.7 6.6
8.7 6.7
8.7 6.8
8.7 6.9
8.9 6.2
8.8 6
8.8 6.1
8.8 6.2
8.8 6.3
8.8 6.4
8.8 6.5
8.8 6.6
8.8 6.7
8.8 6.8
8.8 6.9
8.9 6.1
8.9 6
8 7
8 7.1
8 7.2
8 7.3
8 7.4
8 7.5
8 7.6
8 7.7
8 7.8
8 7.9
8.9 7.9
8.1 7
8.1 7.1
8.1 7.2
8.1 7.3
8.1 7.4
8.1 7.5
8.1 7.6
8.1 7.7
8.1 7.8
8.1 7.9
8.9 7.8
8.2 7
8.2 7.1
8.2 7.2
8.2 7.3
8.2 7.4
8.2 7.5
8.2 7.6
8.2 7.7
8.2 7.8
8.2 7.9
8.9 7.7
8.3 7
8.3 7.1
8.3 7.2
8.3 7.3
8.3 7.4
8.3 7.5
8.3 7.6
8.3 7.7
8.3 7.8
8.3 7.9
8.9 7.6
8.4 7
8.4 7.1
8.4 7.2
8.4 7.3
8.4 7.4
8.4 7.5
8.4 7.6
8.4 7.7
8.4 7.8
8.4 7.9
8.9 7.5
8.5 7
8.5 7.1
8.5 7.2
8.5 7.3
8.5 7.4
8.5 7.5
8.5 7.6
8.5 7.7
8.5 7.8
8.5 7.9
8.9 7.4
8.6 7
8.6 7.1
8.6 7.2
8.6 7.3
8.6 7.4
8.6 7.5
8.6 7.6
8.6 7.7
8.6 7.8
8.6 7.9
8.9 7.3
8.7 7
8.7 7.1
8.7 7.2
8.7 7.3
8.7 7.4
8.7 7.5
8.7 7.6
8.7 7.7
8.7 7.8
8.7 7.9
8.9 7.2
8.8 7
8.8 7.1
8.8 7.2
8.8 7.3
8.8 7.4
8.8 7.5
8.8 7.6
8.8 7.7
8.8 7.8
8.8 7.9
8.9 7.1
8.9 7
8.9 8
8.8 8
8.98563 8.9917
8.9917 8.98563
8.7 8
8.6 8
8.97126 8.98341
8.98341 8.97126
8.5 8
8.4 8
8.95689 8.97511
8.97511 8.95689
8.3 8
8.95321 8.98062
8.96418 8.96418
8.98062 8.95321
8.2 8
8.90641 8.96123
8.92837 8.92837
8.96123 8.90641
8.1 8
8 8.9
8.81282 8.92247
8.85674 8.85674
8.92247 8.81282
8 8.8
8 8.7
8.71923 8.8837
8.78511 8.78511
8.8837 8.71923
8 8.6
8 8.5
8.62564 8.84494
8.71348 8.71348
8.84494 8.62564
8 8.4
8 8.3
8.50086 8.79325
8.61797 8.61797
8.79325 8.50086
8 8.2
8 8.1
8.37607 8.74156
8.52247 8.52247
8.74156 8.37607
8.58579 8
8 8
8.25129 8.68987
8.42696 8.42696
8.68987 8.25129
8 8.58579
8.6066 8.05026
8.20103 8.66906
8.34157 8.34157
8.66906 8.20103
8.08539 8.08539
8.05026 8.6066
8.15077 8.64824
8.25618 8.25618
8.64824 8.15077
8.62742 8.10051
8.17078 8.17078
8.10051 8.62742
8 9.9
8 9.8
8.9917 9.01437
8.98563 9.0083
8.98312 9
8 9.7
8.98341 9.02874
8.97126 9.01659
8.96623 9
8 9.6
8.97511 9.04311
8.95689 9.02489
8.94935 9
8.98062 9.04679
8.96418 9.03582
8.95321 9.01938
8 9.5
8.96123 9.09359
8.92837 9.07163
8.90641 9.03877
8.8987 9
8 9.4
8.92247 9.18718
8.85674 9.14326
8.81282 9.07753
8.7974 9
8 9.3
8.8837 9.28077
8.78511 9.21489
8.71923 9.1163
8.6961 9
8 9.2
8.84494 9.37436
8.71348 9.28652
8.62564 9.15506
8.5948 9
8 9.1
8.79325 9.49914
8.61797 9.38203
8.50086 9.20675
8.45973 9
8 9
8.74156 9.62393
8.52247 9.47753
8.37607 9.25844
8.32467 9
8 9.41421
8.68987 9.74871
8.42696 9.57304
8.25129 9.31013
8.1896 9
8 10
8.66906 9.79897
8.34157 9.65843
8.20103 9.33094
8.15168 9
8.58579 10
8.64824 9.84923
8.25618 9.74382
8.15077 9.35176
8.11376 9
8.03792 9
8.62742 9.89949
8.17078 9.82922
8.10051 9.37258
8.07584 9
8.05026 9.3934
8.6066 9.94974
8.08539 9.91461
9 0
9 0.1
9 0.2
9 0.3
9 0.4
9 0.5
9 0.6
9 0.7
9 0.8
9 0.9
10 0.9
9.1 0
9.1 0.1
9.1 0.2
9.1 0.3
9.1 0.4
9.1 0.5
9.1 0.6
9.1 0.7
9.1 0.8
9.1 0.9
10 0.8
9.2 0
9.2 0.1
9.2 0.2
9.2 0.3
9.2 0.4
9.2 0.5
9.2 0.6
9.2 0.7
9.2 0.8
9.2 0.9
10 0.7
9.3 0
9.3 0.1
9.3 0.2
9.3 0.3
9.3 0.4
9.3 0.5
9.3 0.6
9.3 0.7
9.3 0.8
9.3 0.9
10 0.6
9.4 0
9.4 0.1
9.4 0.2
9.4 0.3
9.4 0.4
9.4 0.5
9.4 0.6
9.4 0.7
9.4 0.8
9.4 0.9
10 0.5
9.5 0
9.5 0.1
9.5 0.2
9.5 0.3
9.5 0.4
9.5 0.5
9.5 0.6
9.5 0.7
9.5 0.8
9.5 0.9
10 0.4
9.6 0
9.6 0.1
9.6 0.2
9.6 0.3
9.6 0.4
9.6 0.5
9.6 0.6
9.6 0.7
9.6 0.8
9.6 0.9
10 0.3
9.7 0
9.7 0.1
9.7 0.2
9.7 0.3
9.7 0.4
9.7 0.5
9.7 0.6
9.7 0.7
9.7 0.8
9.7 0.9
10 0.2
9.8 0
9.8 0.1
9.8 0.2
9.8 0.3
9.8 0.4
9.8 0.5
9.8 0.6
9.8 0.7
9.8 0.8
9.8 0.9
10 0.1
9.9 0
9.9 0.1
9.9 0.2
9.9 0.3
9.9 0.4
9.9 0.5
9.9 0.6
9.9 0.7
9.9 0.8
9.9 0.9
10 0
9 1
9 1.1
9 1.2
9 1.3
9 1.4
9 1.5
9 1.6
9 1.7
9 1.8
9 1.9
10 1.9
9.1 1
9.1 1.1
9.1 1.2
9.1 1.3
9.1 1.4
9.1 1.5
9.1 1.6
9.1 1.7
9.1 1.8
9.1 1.9
10 1.8
9.2 1
9.2 1.1
9.2 1.2
9.2 1.3
9.2 1.4
9.2 1.5
9.2 1.6
9.2 1.7
9.2 1.8
9.2 1.9
10 1.7
9.3 1
9.3 1.1
9.3 1.2
9.3 1.3
9.3 1.4
9.3 1.5
9.3 1.6
9.3 1.7
9.3 1.8
9.3 1.9
10 1.6
9.4 1
9.4 1.1
9.4 1.2
9.4 1.3
9.4 1.4
9.4 1.5
9.4 1.6
9.4 1.7
9.4 1.8
9.4 1.9
10 1.5
9.5 1
9.5 1.1
9.5 1.2
9.5 1.3
9.5 1.4
9.5 1.5
9.5 1.6
9.5 1.7
9.5 1.8
9.5 1.9
10 1.4
9.6 1
9.6 1.1
9.6 1.2
9.6 1.3
9.6 1.4
9.6 1.5
9.6 1.6
9.6 1.7
9.6 1.8
9.6 1.9
10 1.3
9.7 1
9.7 1.1
9.7 1.2
9.7 1.3
9.7 1.4
9.7 1.5
9.7 1.6
9.7 1.7
9.7 1.8
9.7 1.9
10 1.2
9.8 1
9.8 1.1
9.8 1.2
9.8 1.3
9.8 1.4
9.8 1.5
9.8 1.6
9.8 1.7
9.8 1.8
9.8 1.9
10 1.1
9.9 1
9.9 1.1
9.9 1.2
9.9 1.3
9.9 1.4
9.9 1.5
9.9 1.6
9.9 1.7
9.9 1.8
9.9 1.9
10 1
9 2
9 2.1
9 2.2
9 2.3
9 2.4
9 2.5
9 2.6
9 2.7
9 2.8
9 2.9
10 2.9
9.1 2
9.1 2.1
9.1 2.2
9.1 2.3
9.1 2.4
9.1 2.5
9.1 2.6
9.1 2.7
9.1 2.8
9.1 2.9
10 2.8
9.2 2
9.2 2.1
9.2 2.2
9.2 2.3
9.2 2.4
9.2 2.5
9.2 2.6
9.2 2.7
9.2 2.8
9.2 2.9
10 2.7
9.3 2
9.3 2.1
9.3 2.2
9.3 2.3
9.3 2.4
9.3 2.5
9.3 2.6
9.3 2.7
9.3 2.8
9.3 2.9
10 2.6
9.4 2
9.4 2.1
9.4 2.2
9.4 2.3
9.4 2.4
9.4 2.5
9.4 2.6
9.4 2.7
9.4 2.8
9.4 2.9
10 2.5
9.5 2
9.5 2.1
9.5 2.2
9.5 2.3
9.5 2.4
9.5 2.5
9.5 2.6
9.5 2.7
9.5 2.8
9.5 2.9
10 2.4
9.6 2
9.6 2.1
9.6 2.2
9.6 2.3
9.6 2.4
9.6 2.5
9.6 2.6
9.6 2.7
9.6 2.8
9.6 2.9
10 2.3
9.7 2
9.7 2.1
9.7 2.2
9.7 2.3
9.7 2.4
9.7 2.5
9.7 2.6
9.7 2.7
9.7 2.8
9.7 2.9
10 2.2
9.8 2
9.8 2.1
9.8 2.2
9.8 2.3
9.8 2.4
9.8 2.5
9.8 2.6
9.8 2.7
9.8 2.8
9.8 2.9
10 2.1
9.9 2
9.9 2.1
9.9 2.2
9.9 2.3
9.9 2.4
9.9 2.5
9.9 2.6
9.9 2.7
9.9 2.8
9.9 2.9
10 2
9 3
9 3.1
9 3.2
9 3.3
9 3.4
9 3.5
9 3.6
9 3.7
9 3.8
9 3.9
10 3.9
9.1 3
9.1 3.1
9.1 3.2
9.1 3.3
9.1 3.4
9.1 3.5
9.1 3.6
9.1 3.7
9.1 3.8
9.1 3.9
10 3.8
9.2 3
9.2 3.1
9.2 3.2
9.2 3.3
9.2 3.4
9.2 3.5
9.2 3.6
9.2 3.7
9.2 3.8
9.2 3.9
10 3.7
9.3 3
9.3 3.1
9.3 3.2
9.3 3.3
9.3 3.4
9.3 3.5
9.3 3.6
9.3 3.7
9.3 3.8
9.3 3.9
10 3.6
9.4 3
9.4 3.1
9.4 3.2
9.4 3.3
9.4 3.4
9.4 3.5
9.4 3.6
9.4 3.7
9.4 3.8
9.4 3.9
10 3.5
9.5 3
9.5 3.1
9.5 3.2
9.5 3.3
9.5 3.4
9.5 3.5
9.5 3.6
9.5 3.7
9.5 3.8
9.5 3.9
10 3.4
9.6 3
9.6 3.1
9.6 3.2
9.6 3.3
9.6 3.4
9.6 3.5
9.6 3.6
9.6 3.7
9.6 3.8
9.6 3.9
10 3.3
9.7 3
9.7 3.1
9.7 3.2
9.7 3.3
9.7 3.4
9.7 3.5
9.7 3.6
9.7 3.7
9.7 3.8
9.7 3.9
10 3.2
9.8 3
9.8 3.1
9.8 3.2
9.8 3.3
9.8 3.4
9.8 3.5
9.8 3.6
9.8 3.7
9.8 3.8
9.8 3.9
10 3.1
9.9 3
9.9 3.1
9.9 3.2
9.9 3.3
9.9 3.4
9.9 3.5
9.9 3.6
9.9 3.7
9.9 3.8
9.9 3.9
10 3
9 4
9 4.1
9 4.2
9 4.3
9 4.4
9 4.5
9 4.6
9 4.7
9 4.8
9 4.9
10 4.9
9.1 4
9.1 4.1
9.1 4.2
9.1 4.3
9.1 4.4
9.1 4.5
9.1 4.6
9.1 4.7
9.1 4.8
9.1 4.9
10 4.8
9.2 4
9.2 4.1
9.2 4.2
9.2 4.3
9.2 4.4
9.2 4.5
9.2 4.6
9.2 4.7
9.2 4.8
9.2 4.9
10 4.7
9.3 4
9.3 4.1
9.3 4.2
9.3 4.3
9.3 4.4
9.3 4.5
9.3 4.6
9.3 4.7
9.3 4.8
9.3 4.9
10 4.6
9.4 4
9.4 4.1
9.4 4.2
9.4 4.3
9.4 4.4
9.4 4.5
9.4 4.6
9.4 4.7
9.4 4.8
9.4 4.9
10 4.5
9.5 4
9.5 4.1
9.5 4.2
9.5 4.3
9.5 4.4
9.5 4.5
9.5 4.6
9.5 4.7
9.5 4.8
9.5 4.9
10 4.4
9.6 4
9.6 4.1
9.6 4.2
9.6 4.3
9.6 4.4
9.6 4.5
9.6 4.6
9.6 4.7
9.6 4.8
9.6 4.9
10 4.3
9.7 4
9.7 4.1
9.7 4.2
9.7 4.3
9.7 4.4
9.7 4.5
9.7 4.6
9.7 4.7
9.7 4.8
9.7 4.9
10 4.2
9.8 4
9.8 4.1
9.8 4.2
9.8 4.3
9.8 4.4
9.8 4.5
9.8 4.6
9.8 4.7
9.8 4.8
9.8 4.9
10 4.1
9.9 4
9.9 4.1
9.9 4.2
9.9 4.3
9.9 4.4
9.9 4.5
9.9 4.6
9.9 4.7
9.9 4.8
9.9 4.9
10 4
9 5
9 5.1
9 5.2
9 5.3
9 5.4
9 5.5
9 5.6
9 5.7
9 5.8
9 5.9
10 5.9
9.1 5
9.1 5.1
9.1 5.2
9.1 5.3
9.1 5.4
9.1 5.5
9.1 5.6
9.1 5.7
9.1 5.8
9.1 5.9
10 5.8
9.2 5
9.2 5.1
9.2 5.2
9.2 5.3
9.2 5.4
9.2 5.5
9.2 5.6
9.2 5.7
9.2 5.8
9.2 5.9
10 5.7
9.3 5
9.3 5.1
9.3 5.2
9.3 5.3
9.3 5.4
9.3 5.5
9.3 5.6
9.3 5.7
9.3 5.8
9.3 5.9
10 5.6
9.4 5
9.4 5.1
9.4 5.2
9.4 5.3
9.4 5.4
9.4 5.5
9.4 5.6
9.4 5.7
9.4 5.8
9.4 5.9
10 5.5
9.5 5
9.5 5.1
9.5 5.2
9.5 5.3
9.5 5.4
9.5 5.5
9.5 5.6
9.5 5.7
9.5 5.8
9.5 5.9
10 5.4
9.6 5
9.6 5.1
9.6 5.2
9.6 5.3
9.6 5.4
9.6 5.5
9.6 5.6
9.6 5.7
9.6 5.8
9.6 5.9
10 5.3
9.7 5
9.7 5.1
9.7 5.2
9.7 5.3
9.7 5.4
9.7 5.5
9.7 5.6
9.7 5.7
9.7 5.8
9.7 5.9
10 5.2
9.8 5
9.8 5.1
9.8 5.2
9.8 5.3
9.8 5.4
9.8 5.5
9.8 5.6
9.8 5.7
9.8 5.8
9.8 5.9
10 5.1
9.9 5
9.9 5.1
9.9 5.2
9.9 5.3
9.9 5.4
9.9 5.5
9.9 5.6
9.9 5.7
9.9 5.8
9.9 5.9
10 5
9 6
9 6.1
9 6.2
9 6.3
9 6.4
9 6.5
9 6.6
9 6.7
9 6.8
9 6.9
10 6.9
9.1 6
9.1 6.1
9.1 6.2
9.1 6.3
9.1 6.4
9.1 6.5
9.1 6.6
9.1 6.7
9.1 6.8
9.1 6.9
10 6.8
9.2 6
9.2 6.1
9.2 6.2
9.2 6.3
9.2 6.4
9.2 6.5
9.2 6.6
9.2 6.7
9.2 6.8
9.2 6.9
10 6.7
9.3 6
9.3 6.1
9.3 6.2
9.3 6.3
9.3 6.4
9.3 6.5
9.3 6.6
9.3 6.7
9.3 6.8
9.3 6.9
10 6.6
9.4 6
9.4 6.1
9.4 6.2
9.4 6.3
9.4 6.4
9.4 6.5
9.4 6.6
9.4 6.7
9.4 6.8
9.4 6.9
10 6.5
9.5 6
9.5 6.1
9.5 6.2
9.5 6.3
9.5 6.4
9.5 6.5
9.5 6.6
9.5 6.7
9.5 6.8
9.5 6.9
10 6.4
9.6 6
9.6 6.1
9.6 6.2
9.6 6.3
9.6 6.4
9.6 6.5
9.6 6.6
9.6 6.7
9.6 6.8
9.6 6.9
10 6.3
9.7 6
9.7 6.1
9.7 6.2
9.7 6.3
9.7 6.4
9.7 6.5
9.7 6.6
9.7 6.7
9.7 6.8
9.7 6.9
10 6.2
9.8 6
9.8 6.1
9.8 6.2
9.8 6.3
9.8 6.4
9.8 6.5
9.8 6.6
9.8 6.7
9.8 6.8
9.8 6.9
10 6.1
9.9 6
9.9 6.1
9.9 6.2
9.9 6.3
9.9 6.4
9.9 6.5
9.9 6.6
9.9 6.7
9.9 6.8
9.9 6.9
10 6
9 7
9 7.1
9 7.2
9 7.3
9 7.4
9 7.5
9 7.6
9 7.7
9 7.8
9 7.9
10 7.9
9.1 7
9.1 7.1
9.1 7.2
9.1 7.3
9.1 7.4
9.1 7.5
9.1 7.6
9.1 7.7
9.1 7.8
9.1 7.9
10 7.8
9.2 7
9.2 7.1
9.2 7.2
9.2 7.3
9.2 7.4
9.2 7.5
9.2 7.6
9.2 7.7
9.2 7.8
9.2 7.9
10 7.7
9.3 7
9.3 7.1
9.3 7.2
9.3 7.3
9.3 7.4
9.3 7.5
9.3 7.6
9.3 7.7
9.3 7.8
9.3 7.9
10 7.6
9.4 7
9.4 7.1
9.4 7.2
9.4 7.3
9.4 7.4
9.4 7.5
9.4 7.6
9.4 7.7
9.4 7.8
9.4 7.9
10 7.5
9.5 7
9.5 7.1
9.5 7.2
9.5 7.3
9.5 7.4
9.5 7.5
9.5 7.6
9.5 7.7
9.5 7.8
9.5 7.9
10 7.4
9.6 7
9.6 7.1
9.6 7.2
9.6 7.3
9.6 7.4
9.6 7.5
9.6 7.6
9.6 7.7
9.6 7.8
9.6 7.9
10 7.3
9.7 7
9.7 7.1
9.7 7.2
9.7 7.3
9.7 7.4
9.7 7.5
9.7 7.6
9.7 7.7
9.7 7.8
9.7 7.9
10 7.2
9.8 7
9.8 7.1
9.8 7.2
9.8 7.3
9.8 7.4
9.8 7.5
9.8 7.6
9.8 7.7
9.8 7.8
9.8 7.9
10 7.1
9.9 7
9.9 7.1
9.9 7.2
9.9 7.3
9.9 7.4
9.9 7.5
9.9 7.6
9.9 7.7
9.9 7.8
9.9 7.9
10 7
9.9 8
9 8.98312
9.0083 8.98563
9.01437 8.9917
9.8 8
9 8.96623
9.01659 8.97126
9.02874 8.98341
9.7 8
9 8.94935
9.02489 8.95689
9.04311 8.97511
9.6 8
9.01938 8.95321
9.03582 8.96418
9.04679 8.98062
9 8.8987
9.03877 8.90641
9.07163 8.92837
9.09359 8.96123
9.5 8
9 8.7974
9.07753 8.81282
9.14326 8.85674
9.18718 8.92247
9.4 8
9 8.6961
9.1163 8.71923
9.21489 8.78511
9.28077 8.8837
9.3 8
9 8.5948
9.15506 8.62564
9.28652 8.71348
9.37436 8.84494
9.2 8
9 8.45973
9.20675 8.50086
9.38203 8.61797
9.49914 8.79325
9.1 8
9 8.32467
9.25844 8.37607
9.47753 8.52247
9.62393 8.74156
10 8.58579
9 8.1896
9.31013 8.25129
9.57304 8.42696
9.74871 8.68987
10 8
9 8.15168
9.33094 8.20103
9.65843 8.34157
9.79897 8.66906
9.41421 8
9 8.11376
9.35176 8.15077
9.74382 8.25618
9.84923 8.64824
9 8
9 8.07584
9.37258 8.10051
9.82922 8.17078
9.89949 8.62742
9.94974 8.6066
9 8.03792
9.3934 8.05026
9.91461 8.08539
9 9
9.01688 9
9.01437 9.0083
9.0083 9.01437
9 9.01688
9.03377 9
9.02874 9.01659
9.01659 9.02874
9 9.03377
9.05065 9
9.04311 9.02489
9.02489 9.04311
9 9.05065
9.04679 9.01938
9.03582 9.03582
9.01938 9.04679
9.1013 9
9.09359 9.03877
9.07163 9.07163
9.03877 9.09359
9 9.1013
9.2026 9
9.18718 9.07753
9.14326 9.14326
9.07753 9.18718
9 9.2026
9.3039 9
9.28077 9.1163
9.21489 9.21489
9.1163 9.28077
9 9.3039
9.4052 9
9.37436 9.15506
9.28652 9.28652
9.15506 9.37436
9 9.4052
9.54027 9
9.49914 9.20675
9.38203 9.38203
9.20675 9.49914
9 9.54027
9.67533 9
9.62393 9.25844
9.47753 9.47753
9.25844 9.62393
9 9.67533
9.8104 9
9.74871 9.31013
9.57304 9.57304
9.31013 9.74871
9 9.8104
9.84832 9
9.79897 9.33094
9.65843 9.65843
9.33094 9.79897
9 9.84832
9.88624 9
9.84923 9.35176
9.74382 9.74382
9.35176 9.84923
9 9.88624
9.92416 9
9.89949 9.37258
9.82922 9.82922
9.37258 9.89949
9 9.92416
9.96208 9
9.94974 9.3934
9.91461 9.91461
9.3934 9.94974
9 9.96208
10 9
10 9.41421
10 10
9.41421 10
9 10
